callOi,expiryData,indiavixData,optionsChain,putOi,fetched_datetime
0,,,"[{""ask"": 0, ""bid"": 0, ""oi"": 0, ""option_type"": ""PE"", ""strike_price"": 124, ""oich"": 0}, {""ask"": 0, ""bid"": 0, ""oi"": 0, ""option_type"": ""PE"", ""strike_price"": 122, ""oich"": 0}, {""ask"": 0, ""bid"": 0, ""oi"": 0, ""option_type"": ""CE"", ""strike_price"": 122, ""oich"": 0}, {""ask"": 0, ""bid"": 0, ""oi"": 0, ""option_type"": ""CE"", ""strike_price"": 116, ""oich"": 0}, {""ask"": 0, ""bid"": 0, ""oi"": 0, ""option_type"": ""PE"", ""strike_price"": 112, ""oich"": 0}, {""ask"": 0, ""bid"": 0, ""oi"": 0, ""option_type"": ""CE"", ""strike_price"": 124, ""oich"": 0}, {""ask"": 0, ""bid"": 0, ""oi"": 0, ""option_type"": ""CE"", ""strike_price"": 132, ""oich"": 0}, {""ask"": 0, ""bid"": 0, ""oi"": 0, ""option_type"": ""PE"", ""strike_price"": 136, ""oich"": 0}, {""ask"": 0, ""bid"": 0, ""oi"": 0, ""option_type"": ""CE"", ""strike_price"": 104, ""oich"": 0}, {""ask"": 0, ""bid"": 0, ""oi"": 0, ""option_type"": ""CE"", ""strike_price"": 118, ""oich"": 0}, {""ask"": 0, ""bid"": 0, ""oi"": 0, ""option_type"": ""PE"", ""strike_price"": 118, ""oich"": 0}, {""ask"": 0, ""bid"": 0, ""oi"": 0, ""option_type"": ""CE"", ""strike_price"": 120, ""oich"": 0}, {""ask"": 0, ""bid"": 0, ""oi"": 0, ""option_type"": ""PE"", ""strike_price"": 130, ""oich"": 0}, {""ask"": 0, ""bid"": 0, ""oi"": 0, ""option_type"": ""PE"", ""strike_price"": 116, ""oich"": 0}, {""ask"": 0, ""bid"": 0, ""oi"": 0, ""option_type"": ""CE"", ""strike_price"": 108, ""oich"": 0}, {""ask"": 0, ""bid"": 0, ""oi"": 0, ""option_type"": ""PE"", ""strike_price"": 134, ""oich"": 0}, {""ask"": 0, ""bid"": 0, ""oi"": 0, ""option_type"": ""PE"", ""strike_price"": 110, ""oich"": 0}, {""ask"": 0, ""bid"": 0, ""oi"": 0, ""option_type"": ""PE"", ""strike_price"": 108, ""oich"": 0}, {""ask"": 0, ""bid"": 0, ""oi"": 0, ""option_type"": ""PE"", ""strike_price"": 104, ""oich"": 0}, {""ask"": 0, ""bid"": 0, ""oi"": 0, ""option_type"": ""PE"", ""strike_price"": 126, ""oich"": 0}, {""ask"": 0, ""bid"": 0, ""oi"": 0, ""option_type"": ""PE"", ""strike_price"": 132, ""oich"": 0}, {""ask"": 0, ""bid"": 0, ""oi"": 0, ""option_type"": ""CE"", ""strike_price"": 128, ""oich"": 0}, {""ask"": 0, ""bid"": 0, ""oi"": 0, ""option_type"": ""CE"", ""strike_price"": 110, ""oich"": 0}, {""ask"": 0, ""bid"": 0, ""oi"": 0, ""option_type"": ""CE"", ""strike_price"": 114, ""oich"": 0}, {""ask"": 0, ""bid"": 0, ""oi"": 0, ""option_type"": ""CE"", ""strike_price"": 134, ""oich"": 0}, {""ask"": 0, ""bid"": 0, ""oi"": 0, ""option_type"": ""PE"", ""strike_price"": 128, ""oich"": 0}, {""ask"": 0, ""bid"": 0, ""oi"": 0, ""option_type"": ""CE"", ""strike_price"": 126, ""oich"": 0}, {""ask"": 0, ""bid"": 0, ""oi"": 0, ""option_type"": ""PE"", ""strike_price"": 120, ""oich"": 0}, {""ask"": 0, ""bid"": 0, ""oi"": 0, ""option_type"": ""PE"", ""strike_price"": 114, ""oich"": 0}, {""ask"": 0, ""bid"": 0, ""oi"": 0, ""option_type"": ""CE"", ""strike_price"": 112, ""oich"": 0}, {""ask"": 0, ""bid"": 0, ""oi"": 0, ""option_type"": ""CE"", ""strike_price"": 130, ""oich"": 0}, {""ask"": 0, ""bid"": 0, ""oi"": 0, ""option_type"": ""CE"", ""strike_price"": 136, ""oich"": 0}]",0,2025-12-31
0,,,"[{""ask"": 0, ""bid"": 0, ""oi"": 0, ""option_type"": ""PE"", ""strike_price"": 112, ""oich"": 0}, {""ask"": 0, ""bid"": 0, ""oi"": 0, ""option_type"": ""CE"", ""strike_price"": 124, ""oich"": 0}, {""ask"": 0, ""bid"": 0, ""oi"": 0, ""option_type"": ""CE"", ""strike_price"": 132, ""oich"": 0}, {""ask"": 0, ""bid"": 0, ""oi"": 0, ""option_type"": ""PE"", ""strike_price"": 136, ""oich"": 0}, {""ask"": 0, ""bid"": 0, ""oi"": 0, ""option_type"": ""CE"", ""strike_price"": 118, ""oich"": 0}, {""ask"": 0, ""bid"": 0, ""oi"": 0, ""option_type"": ""PE"", ""strike_price"": 118, ""oich"": 0}, {""ask"": 0, ""bid"": 0, ""oi"": 0, ""option_type"": ""CE"", ""strike_price"": 120, ""oich"": 0}, {""ask"": 0, ""bid"": 0, ""oi"": 0, ""option_type"": ""CE"", ""strike_price"": 128, ""oich"": 0}, {""ask"": 0, ""bid"": 0, ""oi"": 0, ""option_type"": ""CE"", ""strike_price"": 110, ""oich"": 0}, {""ask"": 0, ""bid"": 0, ""oi"": 0, ""option_type"": ""PE"", ""strike_price"": 126, ""oich"": 0}, {""ask"": 0, ""bid"": 0, ""oi"": 0, ""option_type"": ""PE"", ""strike_price"": 130, ""oich"": 0}, {""ask"": 0, ""bid"": 0, ""oi"": 0, ""option_type"": ""PE"", ""strike_price"": 116, ""oich"": 0}, {""ask"": 0, ""bid"": 0, ""oi"": 0, ""option_type"": ""CE"", ""strike_price"": 108, ""oich"": 0}, {""ask"": 0, ""bid"": 0, ""oi"": 0, ""option_type"": ""CE"", ""strike_price"": 136, ""oich"": 0}, {""ask"": 0, ""bid"": 0, ""oi"": 0, ""option_type"": ""CE"", ""strike_price"": 112, ""oich"": 0}, {""ask"": 0, ""bid"": 0, ""oi"": 0, ""option_type"": ""CE"", ""strike_price"": 130, ""oich"": 0}, {""ask"": 0, ""bid"": 0, ""oi"": 0, ""option_type"": ""PE"", ""strike_price"": 132, ""oich"": 0}, {""ask"": 0, ""bid"": 0, ""oi"": 0, ""option_type"": ""CE"", ""strike_price"": 116, ""oich"": 0}, {""ask"": 0, ""bid"": 0, ""oi"": 0, ""option_type"": ""CE"", ""strike_price"": 122, ""oich"": 0}, {""ask"": 0, ""bid"": 0, ""oi"": 0, ""option_type"": ""PE"", ""strike_price"": 124, ""oich"": 0}, {""ask"": 0, ""bid"": 0, ""oi"": 0, ""option_type"": ""PE"", ""strike_price"": 122, ""oich"": 0}, {""ask"": 0, ""bid"": 0, ""oi"": 0, ""option_type"": ""PE"", ""strike_price"": 114, ""oich"": 0}, {""ask"": 0, ""bid"": 0, ""oi"": 0, ""option_type"": ""PE"", ""strike_price"": 128, ""oich"": 0}, {""ask"": 0, ""bid"": 0, ""oi"": 0, ""option_type"": ""CE"", ""strike_price"": 134, ""oich"": 0}, {""ask"": 0, ""bid"": 0, ""oi"": 0, ""option_type"": ""PE"", ""strike_price"": 134, ""oich"": 0}, {""ask"": 0, ""bid"": 0, ""oi"": 0, ""option_type"": ""PE"", ""strike_price"": 110, ""oich"": 0}, {""ask"": 0, ""bid"": 0, ""oi"": 0, ""option_type"": ""PE"", ""strike_price"": 108, ""oich"": 0}, {""ask"": 0, ""bid"": 0, ""oi"": 0, ""option_type"": ""PE"", ""strike_price"": 104, ""oich"": 0}, {""ask"": 0, ""bid"": 0, ""oi"": 0, ""option_type"": ""CE"", ""strike_price"": 126, ""oich"": 0}, {""ask"": 0, ""bid"": 0, ""oi"": 0, ""option_type"": ""PE"", ""strike_price"": 120, ""oich"": 0}, {""ask"": 0, ""bid"": 0, ""oi"": 0, ""option_type"": ""CE"", ""strike_price"": 114, ""oich"": 0}, {""ask"": 0, ""bid"": 0, ""oi"": 0, ""option_type"": ""CE"", ""strike_price"": 104, ""oich"": 0}]",0,2026-01-01
0,,,"[{""ask"": 0, ""bid"": 0, ""oi"": 0, ""option_type"": ""PE"", ""strike_price"": 108, ""oich"": 0}, {""ask"": 0, ""bid"": 0, ""oi"": 0, ""option_type"": ""PE"", ""strike_price"": 104, ""oich"": 0}, {""ask"": 0, ""bid"": 0, ""oi"": 0, ""option_type"": ""PE"", ""strike_price"": 118, ""oich"": 0}, {""ask"": 0, ""bid"": 0, ""oi"": 0, ""option_type"": ""CE"", ""strike_price"": 118, ""oich"": 0}, {""ask"": 0, ""bid"": 0, ""oi"": 0, ""option_type"": ""CE"", ""strike_price"": 120, ""oich"": 0}, {""ask"": 0, ""bid"": 0, ""oi"": 0, ""option_type"": ""CE"", ""strike_price"": 134, ""oich"": 0}, {""ask"": 0, ""bid"": 0, ""oi"": 0, ""option_type"": ""PE"", ""strike_price"": 128, ""oich"": 0}, {""ask"": 0, ""bid"": 0, ""oi"": 0, ""option_type"": ""CE"", ""strike_price"": 132, ""oich"": 0}, {""ask"": 0, ""bid"": 0, ""oi"": 0, ""option_type"": ""CE"", ""strike_price"": 124, ""oich"": 0}, {""ask"": 0, ""bid"": 0, ""oi"": 0, ""option_type"": ""PE"", ""strike_price"": 112, ""oich"": 0}, {""ask"": 0, ""bid"": 0, ""oi"": 0, ""option_type"": ""CE"", ""strike_price"": 104, ""oich"": 0}, {""ask"": 0, ""bid"": 0, ""oi"": 0, ""option_type"": ""PE"", ""strike_price"": 140, ""oich"": 0}, {""ask"": 0, ""bid"": 0, ""oi"": 0, ""option_type"": ""PE"", ""strike_price"": 136, ""oich"": 0}, {""ask"": 0, ""bid"": 0, ""oi"": 0, ""option_type"": ""CE"", ""strike_price"": 116, ""oich"": 0}, {""ask"": 0, ""bid"": 0, ""oi"": 0, ""option_type"": ""CE"", ""strike_price"": 122, ""oich"": 0}, {""ask"": 0, ""bid"": 0, ""oi"": 0, ""option_type"": ""PE"", ""strike_price"": 122, ""oich"": 0}, {""ask"": 0, ""bid"": 0, ""oi"": 0, ""option_type"": ""PE"", ""strike_price"": 124, ""oich"": 0}, {""ask"": 0, ""bid"": 0, ""oi"": 0, ""option_type"": ""CE"", ""strike_price"": 126, ""oich"": 0}, {""ask"": 0, ""bid"": 0, ""oi"": 0, ""option_type"": ""PE"", ""strike_price"": 120, ""oich"": 0}, {""ask"": 0, ""bid"": 0, ""oi"": 0, ""option_type"": ""CE"", ""strike_price"": 114, ""oich"": 0}, {""ask"": 0, ""bid"": 0, ""oi"": 0, ""option_type"": ""CE"", ""strike_price"": 140, ""oich"": 0}, {""ask"": 0, ""bid"": 0, ""oi"": 0, ""option_type"": ""CE"", ""strike_price"": 128, ""oich"": 0}, {""ask"": 0, ""bid"": 0, ""oi"": 0, ""option_type"": ""CE"", ""strike_price"": 110, ""oich"": 0}, {""ask"": 0, ""bid"": 0, ""oi"": 0, ""option_type"": ""CE"", ""strike_price"": 136, ""oich"": 0}, {""ask"": 0, ""bid"": 0, ""oi"": 0, ""option_type"": ""CE"", ""strike_price"": 112, ""oich"": 0}, {""ask"": 0, ""bid"": 0, ""oi"": 0, ""option_type"": ""CE"", ""strike_price"": 130, ""oich"": 0}, {""ask"": 0, ""bid"": 0, ""oi"": 0, ""option_type"": ""PE"", ""strike_price"": 132, ""oich"": 0}, {""ask"": 0, ""bid"": 0, ""oi"": 0, ""option_type"": ""CE"", ""strike_price"": 108, ""oich"": 0}, {""ask"": 0, ""bid"": 0, ""oi"": 0, ""option_type"": ""PE"", ""strike_price"": 116, ""oich"": 0}, {""ask"": 0, ""bid"": 0, ""oi"": 0, ""option_type"": ""PE"", ""strike_price"": 130, ""oich"": 0}, {""ask"": 0, ""bid"": 0, ""oi"": 0, ""option_type"": ""PE"", ""strike_price"": 126, ""oich"": 0}, {""ask"": 0, ""bid"": 0, ""oi"": 0, ""option_type"": ""PE"", ""strike_price"": 114, ""oich"": 0}, {""ask"": 0, ""bid"": 0, ""oi"": 0, ""option_type"": ""PE"", ""strike_price"": 134, ""oich"": 0}, {""ask"": 0, ""bid"": 0, ""oi"": 0, ""option_type"": ""PE"", ""strike_price"": 110, ""oich"": 0}]",0,2026-01-02
0,,,"[{""ask"": 0, ""bid"": 0, ""oi"": 0, ""option_type"": ""PE"", ""strike_price"": 114, ""oich"": 0}, {""ask"": 0, ""bid"": 0, ""oi"": 0, ""option_type"": ""CE"", ""strike_price"": 122, ""oich"": 0}, {""ask"": 0, ""bid"": 0, ""oi"": 0, ""option_type"": ""PE"", ""strike_price"": 120, ""oich"": 0}, {""ask"": 0, ""bid"": 0, ""oi"": 0, ""option_type"": ""PE"", ""strike_price"": 116, ""oich"": 0}, {""ask"": 0, ""bid"": 0, ""oi"": 0, ""option_type"": ""PE"", ""strike_price"": 104, ""oich"": 0}, {""ask"": 0, ""bid"": 0, ""oi"": 0, ""option_type"": ""CE"", ""strike_price"": 136, ""oich"": 0}, {""ask"": 0, ""bid"": 0, ""oi"": 0, ""option_type"": ""PE"", ""strike_price"": 140, ""oich"": 0}, {""ask"": 0, ""bid"": 0, ""oi"": 0, ""option_type"": ""CE"", ""strike_price"": 118, ""oich"": 0}, {""ask"": 0, ""bid"": 0, ""oi"": 0, ""option_type"": ""PE"", ""strike_price"": 126, ""oich"": 0}, {""ask"": 0, ""bid"": 0, ""oi"": 0, ""option_type"": ""CE"", ""strike_price"": 128, ""oich"": 0}, {""ask"": 0, ""bid"": 0, ""oi"": 0, ""option_type"": ""CE"", ""strike_price"": 116, ""oich"": 0}, {""ask"": 0, ""bid"": 0, ""oi"": 0, ""option_type"": ""PE"", ""strike_price"": 124, ""oich"": 0}, {""ask"": 0, ""bid"": 0, ""oi"": 0, ""option_type"": ""CE"", ""strike_price"": 130, ""oich"": 0}, {""ask"": 0, ""bid"": 0, ""oi"": 0, ""option_type"": ""PE"", ""strike_price"": 136, ""oich"": 0}, {""ask"": 0, ""bid"": 0, ""oi"": 0, ""option_type"": ""CE"", ""strike_price"": 104, ""oich"": 0}, {""ask"": 0, ""bid"": 0, ""oi"": 0, ""option_type"": ""CE"", ""strike_price"": 134, ""oich"": 0}, {""ask"": 0, ""bid"": 0, ""oi"": 0, ""option_type"": ""PE"", ""strike_price"": 132, ""oich"": 0}, {""ask"": 0, ""bid"": 0, ""oi"": 0, ""option_type"": ""CE"", ""strike_price"": 124, ""oich"": 0}, {""ask"": 0, ""bid"": 0, ""oi"": 0, ""option_type"": ""CE"", ""strike_price"": 120, ""oich"": 0}, {""ask"": 0, ""bid"": 0, ""oi"": 0, ""option_type"": ""PE"", ""strike_price"": 118, ""oich"": 0}, {""ask"": 0, ""bid"": 0, ""oi"": 0, ""option_type"": ""PE"", ""strike_price"": 128, ""oich"": 0}, {""ask"": 0, ""bid"": 0, ""oi"": 0, ""option_type"": ""CE"", ""strike_price"": 126, ""oich"": 0}, {""ask"": 0, ""bid"": 0, ""oi"": 0, ""option_type"": ""PE"", ""strike_price"": 110, ""oich"": 0}, {""ask"": 0, ""bid"": 0, ""oi"": 0, ""option_type"": ""PE"", ""strike_price"": 112, ""oich"": 0}, {""ask"": 0, ""bid"": 0, ""oi"": 0, ""option_type"": ""CE"", ""strike_price"": 132, ""oich"": 0}, {""ask"": 0, ""bid"": 0, ""oi"": 0, ""option_type"": ""PE"", ""strike_price"": 130, ""oich"": 0}, {""ask"": 0, ""bid"": 0, ""oi"": 0, ""option_type"": ""CE"", ""strike_price"": 108, ""oich"": 0}, {""ask"": 0, ""bid"": 0, ""oi"": 0, ""option_type"": ""CE"", ""strike_price"": 114, ""oich"": 0}, {""ask"": 0, ""bid"": 0, ""oi"": 0, ""option_type"": ""PE"", ""strike_price"": 122, ""oich"": 0}, {""ask"": 0, ""bid"": 0, ""oi"": 0, ""option_type"": ""PE"", ""strike_price"": 134, ""oich"": 0}, {""ask"": 0, ""bid"": 0, ""oi"": 0, ""option_type"": ""CE"", ""strike_price"": 112, ""oich"": 0}, {""ask"": 0, ""bid"": 0, ""oi"": 0, ""option_type"": ""CE"", ""strike_price"": 110, ""oich"": 0}, {""ask"": 0, ""bid"": 0, ""oi"": 0, ""option_type"": ""PE"", ""strike_price"": 108, ""oich"": 0}, {""ask"": 0, ""bid"": 0, ""oi"": 0, ""option_type"": ""CE"", ""strike_price"": 140, ""oich"": 0}]",0,2026-01-05
0,,,"[{""ask"": 0, ""bid"": 0, ""oi"": 0, ""option_type"": ""CE"", ""strike_price"": 140, ""oich"": 0}, {""ask"": 0, ""bid"": 0, ""oi"": 0, ""option_type"": ""CE"", ""strike_price"": 112, ""oich"": 0}, {""ask"": 0, ""bid"": 0, ""oi"": 0, ""option_type"": ""CE"", ""strike_price"": 110, ""oich"": 0}, {""ask"": 0, ""bid"": 0, ""oi"": 0, ""option_type"": ""PE"", ""strike_price"": 108, ""oich"": 0}, {""ask"": 0, ""bid"": 0, ""oi"": 0, ""option_type"": ""PE"", ""strike_price"": 128, ""oich"": 0}, {""ask"": 0, ""bid"": 0, ""oi"": 0, ""option_type"": ""CE"", ""strike_price"": 126, ""oich"": 0}, {""ask"": 0, ""bid"": 0, ""oi"": 0, ""option_type"": ""PE"", ""strike_price"": 110, ""oich"": 0}, {""ask"": 0, ""bid"": 0, ""oi"": 0, ""option_type"": ""CE"", ""strike_price"": 132, ""oich"": 0}, {""ask"": 0, ""bid"": 0, ""oi"": 0, ""option_type"": ""PE"", ""strike_price"": 112, ""oich"": 0}, {""ask"": 0, ""bid"": 0, ""oi"": 0, ""option_type"": ""PE"", ""strike_price"": 114, ""oich"": 0}, {""ask"": 0, ""bid"": 0, ""oi"": 0, ""option_type"": ""CE"", ""strike_price"": 122, ""oich"": 0}, {""ask"": 0, ""bid"": 0, ""oi"": 0, ""option_type"": ""CE"", ""strike_price"": 120, ""oich"": 0}, {""ask"": 0, ""bid"": 0, ""oi"": 0, ""option_type"": ""PE"", ""strike_price"": 118, ""oich"": 0}, {""ask"": 0, ""bid"": 0, ""oi"": 0, ""option_type"": ""CE"", ""strike_price"": 134, ""oich"": 0}, {""ask"": 0, ""bid"": 0, ""oi"": 0, ""option_type"": ""PE"", ""strike_price"": 132, ""oich"": 0}, {""ask"": 0, ""bid"": 0, ""oi"": 0, ""option_type"": ""CE"", ""strike_price"": 124, ""oich"": 0}, {""ask"": 0, ""bid"": 0, ""oi"": 0, ""option_type"": ""CE"", ""strike_price"": 104, ""oich"": 0}, {""ask"": 0, ""bid"": 0, ""oi"": 0, ""option_type"": ""CE"", ""strike_price"": 116, ""oich"": 0}, {""ask"": 0, ""bid"": 0, ""oi"": 0, ""option_type"": ""PE"", ""strike_price"": 124, ""oich"": 0}, {""ask"": 0, ""bid"": 0, ""oi"": 0, ""option_type"": ""CE"", ""strike_price"": 130, ""oich"": 0}, {""ask"": 0, ""bid"": 0, ""oi"": 0, ""option_type"": ""PE"", ""strike_price"": 136, ""oich"": 0}, {""ask"": 0, ""bid"": 0, ""oi"": 0, ""option_type"": ""PE"", ""strike_price"": 126, ""oich"": 0}, {""ask"": 0, ""bid"": 0, ""oi"": 0, ""option_type"": ""CE"", ""strike_price"": 118, ""oich"": 0}, {""ask"": 0, ""bid"": 0, ""oi"": 0, ""option_type"": ""CE"", ""strike_price"": 128, ""oich"": 0}, {""ask"": 0, ""bid"": 0, ""oi"": 0, ""option_type"": ""PE"", ""strike_price"": 104, ""oich"": 0}, {""ask"": 0, ""bid"": 0, ""oi"": 0, ""option_type"": ""PE"", ""strike_price"": 116, ""oich"": 0}, {""ask"": 0, ""bid"": 0, ""oi"": 0, ""option_type"": ""PE"", ""strike_price"": 120, ""oich"": 0}, {""ask"": 0, ""bid"": 0, ""oi"": 0, ""option_type"": ""CE"", ""strike_price"": 136, ""oich"": 0}, {""ask"": 0, ""bid"": 0, ""oi"": 0, ""option_type"": ""PE"", ""strike_price"": 140, ""oich"": 0}, {""ask"": 0, ""bid"": 0, ""oi"": 0, ""option_type"": ""PE"", ""strike_price"": 122, ""oich"": 0}, {""ask"": 0, ""bid"": 0, ""oi"": 0, ""option_type"": ""CE"", ""strike_price"": 114, ""oich"": 0}, {""ask"": 0, ""bid"": 0, ""oi"": 0, ""option_type"": ""PE"", ""strike_price"": 134, ""oich"": 0}, {""ask"": 0, ""bid"": 0, ""oi"": 0, ""option_type"": ""PE"", ""strike_price"": 130, ""oich"": 0}, {""ask"": 0, ""bid"": 0, ""oi"": 0, ""option_type"": ""CE"", ""strike_price"": 108, ""oich"": 0}]",0,2026-01-06
0,,,"[{""ask"": 0, ""bid"": 0, ""oi"": 0, ""option_type"": ""PE"", ""strike_price"": 134, ""oich"": 0}, {""ask"": 0, ""bid"": 0, ""oi"": 0, ""option_type"": ""PE"", ""strike_price"": 122, ""oich"": 0}, {""ask"": 0, ""bid"": 0, ""oi"": 0, ""option_type"": ""CE"", ""strike_price"": 114, ""oich"": 0}, {""ask"": 0, ""bid"": 0, ""oi"": 0, ""option_type"": ""PE"", ""strike_price"": 136, ""oich"": 0}, {""ask"": 0, ""bid"": 0, ""oi"": 0, ""option_type"": ""CE"", ""strike_price"": 130, ""oich"": 0}, {""ask"": 0, ""bid"": 0, ""oi"": 0, ""option_type"": ""PE"", ""strike_price"": 124, ""oich"": 0}, {""ask"": 0, ""bid"": 0, ""oi"": 0, ""option_type"": ""CE"", ""strike_price"": 116, ""oich"": 0}, {""ask"": 0, ""bid"": 0, ""oi"": 0, ""option_type"": ""CE"", ""strike_price"": 106, ""oich"": 0}, {""ask"": 0, ""bid"": 0, ""oi"": 0, ""option_type"": ""CE"", ""strike_price"": 104, ""oich"": 0}, {""ask"": 0, ""bid"": 0, ""oi"": 0, ""option_type"": ""CE"", ""strike_price"": 118, ""oich"": 0}, {""ask"": 0, ""bid"": 0, ""oi"": 0, ""option_type"": ""PE"", ""strike_price"": 126, ""oich"": 0}, {""ask"": 0, ""bid"": 0, ""oi"": 0, ""option_type"": ""CE"", ""strike_price"": 128, ""oich"": 0}, {""ask"": 0, ""bid"": 0, ""oi"": 0, ""option_type"": ""PE"", ""strike_price"": 112, ""oich"": 0}, {""ask"": 0, ""bid"": 0, ""oi"": 0, ""option_type"": ""CE"", ""strike_price"": 132, ""oich"": 0}, {""ask"": 0, ""bid"": 0, ""oi"": 0, ""option_type"": ""CE"", ""strike_price"": 108, ""oich"": 0}, {""ask"": 0, ""bid"": 0, ""oi"": 0, ""option_type"": ""PE"", ""strike_price"": 130, ""oich"": 0}, {""ask"": 0, ""bid"": 0, ""oi"": 0, ""option_type"": ""PE"", ""strike_price"": 118, ""oich"": 0}, {""ask"": 0, ""bid"": 0, ""oi"": 0, ""option_type"": ""CE"", ""strike_price"": 120, ""oich"": 0}, {""ask"": 0, ""bid"": 0, ""oi"": 0, ""option_type"": ""CE"", ""strike_price"": 124, ""oich"": 0}, {""ask"": 0, ""bid"": 0, ""oi"": 0, ""option_type"": ""PE"", ""strike_price"": 132, ""oich"": 0}, {""ask"": 0, ""bid"": 0, ""oi"": 0, ""option_type"": ""CE"", ""strike_price"": 134, ""oich"": 0}, {""ask"": 0, ""bid"": 0, ""oi"": 0, ""option_type"": ""CE"", ""strike_price"": 126, ""oich"": 0}, {""ask"": 0, ""bid"": 0, ""oi"": 0, ""option_type"": ""PE"", ""strike_price"": 110, ""oich"": 0}, {""ask"": 0, ""bid"": 0, ""oi"": 0, ""option_type"": ""PE"", ""strike_price"": 106, ""oich"": 0}, {""ask"": 0, ""bid"": 0, ""oi"": 0, ""option_type"": ""PE"", ""strike_price"": 128, ""oich"": 0}, {""ask"": 0, ""bid"": 0, ""oi"": 0, ""option_type"": ""CE"", ""strike_price"": 122, ""oich"": 0}, {""ask"": 0, ""bid"": 0, ""oi"": 0, ""option_type"": ""PE"", ""strike_price"": 114, ""oich"": 0}, {""ask"": 0, ""bid"": 0, ""oi"": 0, ""option_type"": ""CE"", ""strike_price"": 136, ""oich"": 0}, {""ask"": 0, ""bid"": 0, ""oi"": 0, ""option_type"": ""PE"", ""strike_price"": 104, ""oich"": 0}, {""ask"": 0, ""bid"": 0, ""oi"": 0, ""option_type"": ""PE"", ""strike_price"": 140, ""oich"": 0}, {""ask"": 0, ""bid"": 0, ""oi"": 0, ""option_type"": ""PE"", ""strike_price"": 116, ""oich"": 0}, {""ask"": 0, ""bid"": 0, ""oi"": 0, ""option_type"": ""PE"", ""strike_price"": 120, ""oich"": 0}, {""ask"": 0, ""bid"": 0, ""oi"": 0, ""option_type"": ""CE"", ""strike_price"": 140, ""oich"": 0}, {""ask"": 0, ""bid"": 0, ""oi"": 0, ""option_type"": ""CE"", ""strike_price"": 112, ""oich"": 0}, {""ask"": 0, ""bid"": 0, ""oi"": 0, ""option_type"": ""CE"", ""strike_price"": 110, ""oich"": 0}, {""ask"": 0, ""bid"": 0, ""oi"": 0, ""option_type"": ""PE"", ""strike_price"": 108, ""oich"": 0}]",0,2026-01-07
0,,,"[{""ask"": 0, ""bid"": 0, ""oi"": 0, ""option_type"": ""PE"", ""strike_price"": 116, ""oich"": 0}, {""ask"": 0, ""bid"": 0, ""oi"": 0, ""option_type"": ""PE"", ""strike_price"": 120, ""oich"": 0}, {""ask"": 0, ""bid"": 0, ""oi"": 0, ""option_type"": ""CE"", ""strike_price"": 136, ""oich"": 0}, {""ask"": 0, ""bid"": 0, ""oi"": 0, ""option_type"": ""PE"", ""strike_price"": 140, ""oich"": 0}, {""ask"": 0, ""bid"": 0, ""oi"": 0, ""option_type"": ""CE"", ""strike_price"": 108, ""oich"": 0}, {""ask"": 0, ""bid"": 0, ""oi"": 0, ""option_type"": ""PE"", ""strike_price"": 130, ""oich"": 0}, {""ask"": 0, ""bid"": 0, ""oi"": 0, ""option_type"": ""PE"", ""strike_price"": 118, ""oich"": 0}, {""ask"": 0, ""bid"": 0, ""oi"": 0, ""option_type"": ""CE"", ""strike_price"": 120, ""oich"": 0}, {""ask"": 0, ""bid"": 0, ""oi"": 0, ""option_type"": ""CE"", ""strike_price"": 124, ""oich"": 0}, {""ask"": 0, ""bid"": 0, ""oi"": 0, ""option_type"": ""PE"", ""strike_price"": 132, ""oich"": 0}, {""ask"": 0, ""bid"": 0, ""oi"": 0, ""option_type"": ""CE"", ""strike_price"": 134, ""oich"": 0}, {""ask"": 0, ""bid"": 0, ""oi"": 0, ""option_type"": ""CE"", ""strike_price"": 122, ""oich"": 0}, {""ask"": 0, ""bid"": 0, ""oi"": 0, ""option_type"": ""PE"", ""strike_price"": 114, ""oich"": 0}, {""ask"": 0, ""bid"": 0, ""oi"": 0, ""option_type"": ""PE"", ""strike_price"": 100, ""oich"": 0}, {""ask"": 0, ""bid"": 0, ""oi"": 0, ""option_type"": ""PE"", ""strike_price"": 106, ""oich"": 0}, {""ask"": 0, ""bid"": 0, ""oi"": 0, ""option_type"": ""PE"", ""strike_price"": 110, ""oich"": 0}, {""ask"": 0, ""bid"": 0, ""oi"": 0, ""option_type"": ""CE"", ""strike_price"": 126, ""oich"": 0}, {""ask"": 0, ""bid"": 0, ""oi"": 0, ""option_type"": ""PE"", ""strike_price"": 128, ""oich"": 0}, {""ask"": 0, ""bid"": 0, ""oi"": 0, ""option_type"": ""CE"", ""strike_price"": 100, ""oich"": 0}, {""ask"": 0, ""bid"": 0, ""oi"": 0, ""option_type"": ""CE"", ""strike_price"": 118, ""oich"": 0}, {""ask"": 0, ""bid"": 0, ""oi"": 0, ""option_type"": ""PE"", ""strike_price"": 126, ""oich"": 0}, {""ask"": 0, ""bid"": 0, ""oi"": 0, ""option_type"": ""CE"", ""strike_price"": 128, ""oich"": 0}, {""ask"": 0, ""bid"": 0, ""oi"": 0, ""option_type"": ""CE"", ""strike_price"": 140, ""oich"": 0}, {""ask"": 0, ""bid"": 0, ""oi"": 0, ""option_type"": ""CE"", ""strike_price"": 112, ""oich"": 0}, {""ask"": 0, ""bid"": 0, ""oi"": 0, ""option_type"": ""CE"", ""strike_price"": 110, ""oich"": 0}, {""ask"": 0, ""bid"": 0, ""oi"": 0, ""option_type"": ""PE"", ""strike_price"": 108, ""oich"": 0}, {""ask"": 0, ""bid"": 0, ""oi"": 0, ""option_type"": ""CE"", ""strike_price"": 114, ""oich"": 0}, {""ask"": 0, ""bid"": 0, ""oi"": 0, ""option_type"": ""PE"", ""strike_price"": 122, ""oich"": 0}, {""ask"": 0, ""bid"": 0, ""oi"": 0, ""option_type"": ""PE"", ""strike_price"": 134, ""oich"": 0}, {""ask"": 0, ""bid"": 0, ""oi"": 0, ""option_type"": ""CE"", ""strike_price"": 132, ""oich"": 0}, {""ask"": 0, ""bid"": 0, ""oi"": 0, ""option_type"": ""PE"", ""strike_price"": 112, ""oich"": 0}, {""ask"": 0, ""bid"": 0, ""oi"": 0, ""option_type"": ""PE"", ""strike_price"": 136, ""oich"": 0}, {""ask"": 0, ""bid"": 0, ""oi"": 0, ""option_type"": ""CE"", ""strike_price"": 130, ""oich"": 0}, {""ask"": 0, ""bid"": 0, ""oi"": 0, ""option_type"": ""PE"", ""strike_price"": 124, ""oich"": 0}, {""ask"": 0, ""bid"": 0, ""oi"": 0, ""option_type"": ""CE"", ""strike_price"": 116, ""oich"": 0}, {""ask"": 0, ""bid"": 0, ""oi"": 0, ""option_type"": ""CE"", ""strike_price"": 106, ""oich"": 0}, {""ask"": 0, ""bid"": 0, ""oi"": 0, ""option_type"": ""CE"", ""strike_price"": 104, ""oich"": 0}, {""ask"": 0, ""bid"": 0, ""oi"": 0, ""option_type"": ""PE"", ""strike_price"": 104, ""oich"": 0}]",0,2026-01-08
0,,,"[{""ask"": 0, ""bid"": 0, ""oi"": 0, ""option_type"": ""PE"", ""strike_price"": 112, ""oich"": 0}, {""ask"": 0, ""bid"": 0, ""oi"": 0, ""option_type"": ""CE"", ""strike_price"": 132, ""oich"": 0}, {""ask"": 0, ""bid"": 0, ""oi"": 0, ""option_type"": ""PE"", ""strike_price"": 134, ""oich"": 0}, {""ask"": 0, ""bid"": 0, ""oi"": 0, ""option_type"": ""PE"", ""strike_price"": 122, ""oich"": 0}, {""ask"": 0, ""bid"": 0, ""oi"": 0, ""option_type"": ""CE"", ""strike_price"": 114, ""oich"": 0}, {""ask"": 0, ""bid"": 0, ""oi"": 0, ""option_type"": ""PE"", ""strike_price"": 114, ""oich"": 0}, {""ask"": 0, ""bid"": 0, ""oi"": 0, ""option_type"": ""CE"", ""strike_price"": 122, ""oich"": 0}, {""ask"": 0, ""bid"": 0, ""oi"": 0, ""option_type"": ""PE"", ""strike_price"": 100, ""oich"": 0}, {""ask"": 0, ""bid"": 0, ""oi"": 0, ""option_type"": ""PE"", ""strike_price"": 102, ""oich"": 0}, {""ask"": 0, ""bid"": 0, ""oi"": 0, ""option_type"": ""PE"", ""strike_price"": 96, ""oich"": 0}, {""ask"": 0, ""bid"": 0, ""oi"": 0, ""option_type"": ""CE"", ""strike_price"": 104, ""oich"": 0}, {""ask"": 0, ""bid"": 0, ""oi"": 0, ""option_type"": ""CE"", ""strike_price"": 106, ""oich"": 0}, {""ask"": 0, ""bid"": 0, ""oi"": 0, ""option_type"": ""CE"", ""strike_price"": 116, ""oich"": 0}, {""ask"": 0, ""bid"": 0, ""oi"": 0, ""option_type"": ""PE"", ""strike_price"": 124, ""oich"": 0}, {""ask"": 0, ""bid"": 0, ""oi"": 0, ""option_type"": ""CE"", ""strike_price"": 130, ""oich"": 0}, {""ask"": 0, ""bid"": 0, ""oi"": 0, ""option_type"": ""PE"", ""strike_price"": 136, ""oich"": 0}, {""ask"": 0, ""bid"": 0, ""oi"": 0, ""option_type"": ""PE"", ""strike_price"": 128, ""oich"": 0}, {""ask"": 0, ""bid"": 0, ""oi"": 0, ""option_type"": ""CE"", ""strike_price"": 126, ""oich"": 0}, {""ask"": 0, ""bid"": 0, ""oi"": 0, ""option_type"": ""PE"", ""strike_price"": 110, ""oich"": 0}, {""ask"": 0, ""bid"": 0, ""oi"": 0, ""option_type"": ""PE"", ""strike_price"": 106, ""oich"": 0}, {""ask"": 0, ""bid"": 0, ""oi"": 0, ""option_type"": ""CE"", ""strike_price"": 96, ""oich"": 0}, {""ask"": 0, ""bid"": 0, ""oi"": 0, ""option_type"": ""CE"", ""strike_price"": 108, ""oich"": 0}, {""ask"": 0, ""bid"": 0, ""oi"": 0, ""option_type"": ""PE"", ""strike_price"": 130, ""oich"": 0}, {""ask"": 0, ""bid"": 0, ""oi"": 0, ""option_type"": ""CE"", ""strike_price"": 100, ""oich"": 0}, {""ask"": 0, ""bid"": 0, ""oi"": 0, ""option_type"": ""CE"", ""strike_price"": 128, ""oich"": 0}, {""ask"": 0, ""bid"": 0, ""oi"": 0, ""option_type"": ""PE"", ""strike_price"": 126, ""oich"": 0}, {""ask"": 0, ""bid"": 0, ""oi"": 0, ""option_type"": ""CE"", ""strike_price"": 118, ""oich"": 0}, {""ask"": 0, ""bid"": 0, ""oi"": 0, ""option_type"": ""CE"", ""strike_price"": 110, ""oich"": 0}, {""ask"": 0, ""bid"": 0, ""oi"": 0, ""option_type"": ""PE"", ""strike_price"": 108, ""oich"": 0}, {""ask"": 0, ""bid"": 0, ""oi"": 0, ""option_type"": ""CE"", ""strike_price"": 140, ""oich"": 0}, {""ask"": 0, ""bid"": 0, ""oi"": 0, ""option_type"": ""CE"", ""strike_price"": 112, ""oich"": 0}, {""ask"": 0, ""bid"": 0, ""oi"": 0, ""option_type"": ""PE"", ""strike_price"": 120, ""oich"": 0}, {""ask"": 0, ""bid"": 0, ""oi"": 0, ""option_type"": ""PE"", ""strike_price"": 140, ""oich"": 0}, {""ask"": 0, ""bid"": 0, ""oi"": 0, ""option_type"": ""CE"", ""strike_price"": 136, ""oich"": 0}, {""ask"": 0, ""bid"": 0, ""oi"": 0, ""option_type"": ""PE"", ""strike_price"": 104, ""oich"": 0}, {""ask"": 0, ""bid"": 0, ""oi"": 0, ""option_type"": ""PE"", ""strike_price"": 116, ""oich"": 0}, {""ask"": 0, ""bid"": 0, ""oi"": 0, ""option_type"": ""CE"", ""strike_price"": 134, ""oich"": 0}, {""ask"": 0, ""bid"": 0, ""oi"": 0, ""option_type"": ""PE"", ""strike_price"": 132, ""oich"": 0}, {""ask"": 0, ""bid"": 0, ""oi"": 0, ""option_type"": ""CE"", ""strike_price"": 124, ""oich"": 0}, {""ask"": 0, ""bid"": 0, ""oi"": 0, ""option_type"": ""CE"", ""strike_price"": 120, ""oich"": 0}, {""ask"": 0, ""bid"": 0, ""oi"": 0, ""option_type"": ""PE"", ""strike_price"": 118, ""oich"": 0}, {""ask"": 0, ""bid"": 0, ""oi"": 0, ""option_type"": ""CE"", ""strike_price"": 102, ""oich"": 0}]",0,2026-01-09
0,,,"[{""ask"": 0, ""bid"": 0, ""oi"": 0, ""option_type"": ""CE"", ""strike_price"": 130, ""oich"": 0}, {""ask"": 0, ""bid"": 0, ""oi"": 0, ""option_type"": ""PE"", ""strike_price"": 136, ""oich"": 0}, {""ask"": 0, ""bid"": 0, ""oi"": 0, ""option_type"": ""CE"", ""strike_price"": 104, ""oich"": 0}, {""ask"": 0, ""bid"": 0, ""oi"": 0, ""option_type"": ""PE"", ""strike_price"": 96, ""oich"": 0}, {""ask"": 0, ""bid"": 0, ""oi"": 0, ""option_type"": ""CE"", ""strike_price"": 92, ""oich"": 0}, {""ask"": 0, ""bid"": 0, ""oi"": 0, ""option_type"": ""CE"", ""strike_price"": 100, ""oich"": 0}, {""ask"": 0, ""bid"": 0, ""oi"": 0, ""option_type"": ""CE"", ""strike_price"": 118, ""oich"": 0}, {""ask"": 0, ""bid"": 0, ""oi"": 0, ""option_type"": ""CE"", ""strike_price"": 128, ""oich"": 0}, {""ask"": 0, ""bid"": 0, ""oi"": 0, ""option_type"": ""PE"", ""strike_price"": 126, ""oich"": 0}, {""ask"": 0, ""bid"": 0, ""oi"": 0, ""option_type"": ""CE"", ""strike_price"": 114, ""oich"": 0}, {""ask"": 0, ""bid"": 0, ""oi"": 0, ""option_type"": ""PE"", ""strike_price"": 122, ""oich"": 0}, {""ask"": 0, ""bid"": 0, ""oi"": 0, ""option_type"": ""PE"", ""strike_price"": 134, ""oich"": 0}, {""ask"": 0, ""bid"": 0, ""oi"": 0, ""option_type"": ""PE"", ""strike_price"": 98, ""oich"": 0}, {""ask"": 0, ""bid"": 0, ""oi"": 0, ""option_type"": ""CE"", ""strike_price"": 122, ""oich"": 0}, {""ask"": 0, ""bid"": 0, ""oi"": 0, ""option_type"": ""PE"", ""strike_price"": 100, ""oich"": 0}, {""ask"": 0, ""bid"": 0, ""oi"": 0, ""option_type"": ""PE"", ""strike_price"": 92, ""oich"": 0}, {""ask"": 0, ""bid"": 0, ""oi"": 0, ""option_type"": ""PE"", ""strike_price"": 114, ""oich"": 0}, {""ask"": 0, ""bid"": 0, ""oi"": 0, ""option_type"": ""PE"", ""strike_price"": 102, ""oich"": 0}, {""ask"": 0, ""bid"": 0, ""oi"": 0, ""option_type"": ""PE"", ""strike_price"": 106, ""oich"": 0}, {""ask"": 0, ""bid"": 0, ""oi"": 0, ""option_type"": ""PE"", ""strike_price"": 110, ""oich"": 0}, {""ask"": 0, ""bid"": 0, ""oi"": 0, ""option_type"": ""CE"", ""strike_price"": 126, ""oich"": 0}, {""ask"": 0, ""bid"": 0, ""oi"": 0, ""option_type"": ""PE"", ""strike_price"": 128, ""oich"": 0}, {""ask"": 0, ""bid"": 0, ""oi"": 0, ""option_type"": ""CE"", ""strike_price"": 102, ""oich"": 0}, {""ask"": 0, ""bid"": 0, ""oi"": 0, ""option_type"": ""PE"", ""strike_price"": 118, ""oich"": 0}, {""ask"": 0, ""bid"": 0, ""oi"": 0, ""option_type"": ""CE"", ""strike_price"": 120, ""oich"": 0}, {""ask"": 0, ""bid"": 0, ""oi"": 0, ""option_type"": ""CE"", ""strike_price"": 124, ""oich"": 0}, {""ask"": 0, ""bid"": 0, ""oi"": 0, ""option_type"": ""PE"", ""strike_price"": 132, ""oich"": 0}, {""ask"": 0, ""bid"": 0, ""oi"": 0, ""option_type"": ""CE"", ""strike_price"": 134, ""oich"": 0}, {""ask"": 0, ""bid"": 0, ""oi"": 0, ""option_type"": ""PE"", ""strike_price"": 140, ""oich"": 0}, {""ask"": 0, ""bid"": 0, ""oi"": 0, ""option_type"": ""CE"", ""strike_price"": 136, ""oich"": 0}, {""ask"": 0, ""bid"": 0, ""oi"": 0, ""option_type"": ""PE"", ""strike_price"": 120, ""oich"": 0}, {""ask"": 0, ""bid"": 0, ""oi"": 0, ""option_type"": ""PE"", ""strike_price"": 116, ""oich"": 0}, {""ask"": 0, ""bid"": 0, ""oi"": 0, ""option_type"": ""PE"", ""strike_price"": 104, ""oich"": 0}, {""ask"": 0, ""bid"": 0, ""oi"": 0, ""option_type"": ""CE"", ""strike_price"": 112, ""oich"": 0}, {""ask"": 0, ""bid"": 0, ""oi"": 0, ""option_type"": ""CE"", ""strike_price"": 110, ""oich"": 0}, {""ask"": 0, ""bid"": 0, ""oi"": 0, ""option_type"": ""PE"", ""strike_price"": 108, ""oich"": 0}, {""ask"": 0, ""bid"": 0, ""oi"": 0, ""option_type"": ""CE"", ""strike_price"": 140, ""oich"": 0}, {""ask"": 0, ""bid"": 0, ""oi"": 0, ""option_type"": ""PE"", ""strike_price"": 130, ""oich"": 0}, {""ask"": 0, ""bid"": 0, ""oi"": 0, ""option_type"": ""CE"", ""strike_price"": 108, ""oich"": 0}, {""ask"": 0, ""bid"": 0, ""oi"": 0, ""option_type"": ""CE"", ""strike_price"": 96, ""oich"": 0}, {""ask"": 0, ""bid"": 0, ""oi"": 0, ""option_type"": ""CE"", ""strike_price"": 98, ""oich"": 0}, {""ask"": 0, ""bid"": 0, ""oi"": 0, ""option_type"": ""PE"", ""strike_price"": 112, ""oich"": 0}, {""ask"": 0, ""bid"": 0, ""oi"": 0, ""option_type"": ""CE"", ""strike_price"": 132, ""oich"": 0}, {""ask"": 0, ""bid"": 0, ""oi"": 0, ""option_type"": ""CE"", ""strike_price"": 106, ""oich"": 0}, {""ask"": 0, ""bid"": 0, ""oi"": 0, ""option_type"": ""CE"", ""strike_price"": 116, ""oich"": 0}, {""ask"": 0, ""bid"": 0, ""oi"": 0, ""option_type"": ""PE"", ""strike_price"": 124, ""oich"": 0}]",0,2026-01-12
0,,,"[{""ask"": 0, ""bid"": 0, ""oi"": 0, ""option_type"": ""CE"", ""strike_price"": 122, ""oich"": 0}, {""ask"": 0, ""bid"": 0, ""oi"": 0, ""option_type"": ""PE"", ""strike_price"": 114, ""oich"": 0}, {""ask"": 0, ""bid"": 0, ""oi"": 0, ""option_type"": ""PE"", ""strike_price"": 102, ""oich"": 0}, {""ask"": 0, ""bid"": 0, ""oi"": 0, ""option_type"": ""PE"", ""strike_price"": 100, ""oich"": 0}, {""ask"": 0, ""bid"": 0, ""oi"": 0, ""option_type"": ""PE"", ""strike_price"": 98, ""oich"": 0}, {""ask"": 0, ""bid"": 0, ""oi"": 0, ""option_type"": ""PE"", ""strike_price"": 92, ""oich"": 0}, {""ask"": 0, ""bid"": 0, ""oi"": 0, ""option_type"": ""PE"", ""strike_price"": 106, ""oich"": 0}, {""ask"": 0, ""bid"": 0, ""oi"": 0, ""option_type"": ""PE"", ""strike_price"": 110, ""oich"": 0}, {""ask"": 0, ""bid"": 0, ""oi"": 0, ""option_type"": ""CE"", ""strike_price"": 126, ""oich"": 0}, {""ask"": 0, ""bid"": 0, ""oi"": 0, ""option_type"": ""PE"", ""strike_price"": 128, ""oich"": 0}, {""ask"": 0, ""bid"": 0, ""oi"": 0, ""option_type"": ""PE"", ""strike_price"": 126, ""oich"": 0}, {""ask"": 0, ""bid"": 0, ""oi"": 0, ""option_type"": ""CE"", ""strike_price"": 128, ""oich"": 0}, {""ask"": 0, ""bid"": 0, ""oi"": 0, ""option_type"": ""CE"", ""strike_price"": 100, ""oich"": 0}, {""ask"": 0, ""bid"": 0, ""oi"": 0, ""option_type"": ""CE"", ""strike_price"": 118, ""oich"": 0}, {""ask"": 0, ""bid"": 0, ""oi"": 0, ""option_type"": ""PE"", ""strike_price"": 120, ""oich"": 0}, {""ask"": 0, ""bid"": 0, ""oi"": 0, ""option_type"": ""PE"", ""strike_price"": 140, ""oich"": 0}, {""ask"": 0, ""bid"": 0, ""oi"": 0, ""option_type"": ""CE"", ""strike_price"": 136, ""oich"": 0}, {""ask"": 0, ""bid"": 0, ""oi"": 0, ""option_type"": ""PE"", ""strike_price"": 104, ""oich"": 0}, {""ask"": 0, ""bid"": 0, ""oi"": 0, ""option_type"": ""PE"", ""strike_price"": 116, ""oich"": 0}, {""ask"": 0, ""bid"": 0, ""oi"": 0, ""option_type"": ""CE"", ""strike_price"": 98, ""oich"": 0}, {""ask"": 0, ""bid"": 0, ""oi"": 0, ""option_type"": ""PE"", ""strike_price"": 112, ""oich"": 0}, {""ask"": 0, ""bid"": 0, ""oi"": 0, ""option_type"": ""CE"", ""strike_price"": 132, ""oich"": 0}, {""ask"": 0, ""bid"": 0, ""oi"": 0, ""option_type"": ""CE"", ""strike_price"": 116, ""oich"": 0}, {""ask"": 0, ""bid"": 0, ""oi"": 0, ""option_type"": ""PE"", ""strike_price"": 124, ""oich"": 0}, {""ask"": 0, ""bid"": 0, ""oi"": 0, ""option_type"": ""PE"", ""strike_price"": 136, ""oich"": 0}, {""ask"": 0, ""bid"": 0, ""oi"": 0, ""option_type"": ""CE"", ""strike_price"": 130, ""oich"": 0}, {""ask"": 0, ""bid"": 0, ""oi"": 0, ""option_type"": ""PE"", ""strike_price"": 96, ""oich"": 0}, {""ask"": 0, ""bid"": 0, ""oi"": 0, ""option_type"": ""CE"", ""strike_price"": 104, ""oich"": 0}, {""ask"": 0, ""bid"": 0, ""oi"": 0, ""option_type"": ""CE"", ""strike_price"": 106, ""oich"": 0}, {""ask"": 0, ""bid"": 0, ""oi"": 0, ""option_type"": ""CE"", ""strike_price"": 92, ""oich"": 0}, {""ask"": 0, ""bid"": 0, ""oi"": 0, ""option_type"": ""PE"", ""strike_price"": 134, ""oich"": 0}, {""ask"": 0, ""bid"": 0, ""oi"": 0, ""option_type"": ""PE"", ""strike_price"": 122, ""oich"": 0}, {""ask"": 0, ""bid"": 0, ""oi"": 0, ""option_type"": ""CE"", ""strike_price"": 114, ""oich"": 0}, {""ask"": 0, ""bid"": 0, ""oi"": 0, ""option_type"": ""CE"", ""strike_price"": 140, ""oich"": 0}, {""ask"": 0, ""bid"": 0, ""oi"": 0, ""option_type"": ""CE"", ""strike_price"": 112, ""oich"": 0}, {""ask"": 0, ""bid"": 0, ""oi"": 0, ""option_type"": ""CE"", ""strike_price"": 110, ""oich"": 0}, {""ask"": 0, ""bid"": 0, ""oi"": 0, ""option_type"": ""PE"", ""strike_price"": 108, ""oich"": 0}, {""ask"": 0, ""bid"": 0, ""oi"": 0, ""option_type"": ""CE"", ""strike_price"": 134, ""oich"": 0}, {""ask"": 0, ""bid"": 0, ""oi"": 0, ""option_type"": ""PE"", ""strike_price"": 132, ""oich"": 0}, {""ask"": 0, ""bid"": 0, ""oi"": 0, ""option_type"": ""CE"", ""strike_price"": 124, ""oich"": 0}, {""ask"": 0, ""bid"": 0, ""oi"": 0, ""option_type"": ""CE"", ""strike_price"": 120, ""oich"": 0}, {""ask"": 0, ""bid"": 0, ""oi"": 0, ""option_type"": ""PE"", ""strike_price"": 118, ""oich"": 0}, {""ask"": 0, ""bid"": 0, ""oi"": 0, ""option_type"": ""CE"", ""strike_price"": 102, ""oich"": 0}, {""ask"": 0, ""bid"": 0, ""oi"": 0, ""option_type"": ""CE"", ""strike_price"": 96, ""oich"": 0}, {""ask"": 0, ""bid"": 0, ""oi"": 0, ""option_type"": ""CE"", ""strike_price"": 108, ""oich"": 0}, {""ask"": 0, ""bid"": 0, ""oi"": 0, ""option_type"": ""PE"", ""strike_price"": 130, ""oich"": 0}]",0,2026-01-13
0,,,"[{""ask"": 0, ""bid"": 0, ""oi"": 0, ""option_type"": ""PE"", ""strike_price"": 130, ""oich"": 0}, {""ask"": 0, ""bid"": 0, ""oi"": 0, ""option_type"": ""CE"", ""strike_price"": 108, ""oich"": 0}, {""ask"": 0, ""bid"": 0, ""oi"": 0, ""option_type"": ""CE"", ""strike_price"": 96, ""oich"": 0}, {""ask"": 0, ""bid"": 0, ""oi"": 0, ""option_type"": ""PE"", ""strike_price"": 132, ""oich"": 0}, {""ask"": 0, ""bid"": 0, ""oi"": 0, ""option_type"": ""CE"", ""strike_price"": 124, ""oich"": 0}, {""ask"": 0, ""bid"": 0, ""oi"": 0, ""option_type"": ""CE"", ""strike_price"": 120, ""oich"": 0}, {""ask"": 0, ""bid"": 0, ""oi"": 0, ""option_type"": ""PE"", ""strike_price"": 118, ""oich"": 0}, {""ask"": 0, ""bid"": 0, ""oi"": 0, ""option_type"": ""CE"", ""strike_price"": 102, ""oich"": 0}, {""ask"": 0, ""bid"": 0, ""oi"": 0, ""option_type"": ""CE"", ""strike_price"": 134, ""oich"": 0}, {""ask"": 0, ""bid"": 0, ""oi"": 0, ""option_type"": ""CE"", ""strike_price"": 140, ""oich"": 0}, {""ask"": 0, ""bid"": 0, ""oi"": 0, ""option_type"": ""PE"", ""strike_price"": 108, ""oich"": 0}, {""ask"": 0, ""bid"": 0, ""oi"": 0, ""option_type"": ""CE"", ""strike_price"": 110, ""oich"": 0}, {""ask"": 0, ""bid"": 0, ""oi"": 0, ""option_type"": ""CE"", ""strike_price"": 112, ""oich"": 0}, {""ask"": 0, ""bid"": 0, ""oi"": 0, ""option_type"": ""CE"", ""strike_price"": 136, ""oich"": 0}, {""ask"": 0, ""bid"": 0, ""oi"": 0, ""option_type"": ""PE"", ""strike_price"": 140, ""oich"": 0}, {""ask"": 0, ""bid"": 0, ""oi"": 0, ""option_type"": ""PE"", ""strike_price"": 104, ""oich"": 0}, {""ask"": 0, ""bid"": 0, ""oi"": 0, ""option_type"": ""PE"", ""strike_price"": 116, ""oich"": 0}, {""ask"": 0, ""bid"": 0, ""oi"": 0, ""option_type"": ""PE"", ""strike_price"": 120, ""oich"": 0}, {""ask"": 0, ""bid"": 0, ""oi"": 0, ""option_type"": ""CE"", ""strike_price"": 122, ""oich"": 0}, {""ask"": 0, ""bid"": 0, ""oi"": 0, ""option_type"": ""PE"", ""strike_price"": 102, ""oich"": 0}, {""ask"": 0, ""bid"": 0, ""oi"": 0, ""option_type"": ""PE"", ""strike_price"": 92, ""oich"": 0}, {""ask"": 0, ""bid"": 0, ""oi"": 0, ""option_type"": ""PE"", ""strike_price"": 98, ""oich"": 0}, {""ask"": 0, ""bid"": 0, ""oi"": 0, ""option_type"": ""PE"", ""strike_price"": 100, ""oich"": 0}, {""ask"": 0, ""bid"": 0, ""oi"": 0, ""option_type"": ""PE"", ""strike_price"": 114, ""oich"": 0}, {""ask"": 0, ""bid"": 0, ""oi"": 0, ""option_type"": ""PE"", ""strike_price"": 94, ""oich"": 0}, {""ask"": 0, ""bid"": 0, ""oi"": 0, ""option_type"": ""PE"", ""strike_price"": 96, ""oich"": 0}, {""ask"": 0, ""bid"": 0, ""oi"": 0, ""option_type"": ""CE"", ""strike_price"": 104, ""oich"": 0}, {""ask"": 0, ""bid"": 0, ""oi"": 0, ""option_type"": ""CE"", ""strike_price"": 106, ""oich"": 0}, {""ask"": 0, ""bid"": 0, ""oi"": 0, ""option_type"": ""CE"", ""strike_price"": 116, ""oich"": 0}, {""ask"": 0, ""bid"": 0, ""oi"": 0, ""option_type"": ""PE"", ""strike_price"": 124, ""oich"": 0}, {""ask"": 0, ""bid"": 0, ""oi"": 0, ""option_type"": ""CE"", ""strike_price"": 130, ""oich"": 0}, {""ask"": 0, ""bid"": 0, ""oi"": 0, ""option_type"": ""PE"", ""strike_price"": 136, ""oich"": 0}, {""ask"": 0, ""bid"": 0, ""oi"": 0, ""option_type"": ""CE"", ""strike_price"": 92, ""oich"": 0}, {""ask"": 0, ""bid"": 0, ""oi"": 0, ""option_type"": ""PE"", ""strike_price"": 126, ""oich"": 0}, {""ask"": 0, ""bid"": 0, ""oi"": 0, ""option_type"": ""CE"", ""strike_price"": 118, ""oich"": 0}, {""ask"": 0, ""bid"": 0, ""oi"": 0, ""option_type"": ""CE"", ""strike_price"": 100, ""oich"": 0}, {""ask"": 0, ""bid"": 0, ""oi"": 0, ""option_type"": ""CE"", ""strike_price"": 88, ""oich"": 0}, {""ask"": 0, ""bid"": 0, ""oi"": 0, ""option_type"": ""CE"", ""strike_price"": 128, ""oich"": 0}, {""ask"": 0, ""bid"": 0, ""oi"": 0, ""option_type"": ""PE"", ""strike_price"": 134, ""oich"": 0}, {""ask"": 0, ""bid"": 0, ""oi"": 0, ""option_type"": ""PE"", ""strike_price"": 122, ""oich"": 0}, {""ask"": 0, ""bid"": 0, ""oi"": 0, ""option_type"": ""CE"", ""strike_price"": 114, ""oich"": 0}, {""ask"": 0, ""bid"": 0, ""oi"": 0, ""option_type"": ""PE"", ""strike_price"": 128, ""oich"": 0}, {""ask"": 0, ""bid"": 0, ""oi"": 0, ""option_type"": ""CE"", ""strike_price"": 126, ""oich"": 0}, {""ask"": 0, ""bid"": 0, ""oi"": 0, ""option_type"": ""PE"", ""strike_price"": 110, ""oich"": 0}, {""ask"": 0, ""bid"": 0, ""oi"": 0, ""option_type"": ""PE"", ""strike_price"": 106, ""oich"": 0}, {""ask"": 0, ""bid"": 0, ""oi"": 0, ""option_type"": ""PE"", ""strike_price"": 88, ""oich"": 0}, {""ask"": 0, ""bid"": 0, ""oi"": 0, ""option_type"": ""CE"", ""strike_price"": 94, ""oich"": 0}, {""ask"": 0, ""bid"": 0, ""oi"": 0, ""option_type"": ""CE"", ""strike_price"": 132, ""oich"": 0}, {""ask"": 0, ""bid"": 0, ""oi"": 0, ""option_type"": ""PE"", ""strike_price"": 112, ""oich"": 0}, {""ask"": 0, ""bid"": 0, ""oi"": 0, ""option_type"": ""CE"", ""strike_price"": 98, ""oich"": 0}]",0,2026-01-14
0,,,"[{""ask"": 0, ""bid"": 0, ""oi"": 0, ""option_type"": ""PE"", ""strike_price"": 112, ""oich"": 0}, {""ask"": 0, ""bid"": 0, ""oi"": 0, ""option_type"": ""CE"", ""strike_price"": 98, ""oich"": 0}, {""ask"": 0, ""bid"": 0, ""oi"": 0, ""option_type"": ""CE"", ""strike_price"": 94, ""oich"": 0}, {""ask"": 0, ""bid"": 0, ""oi"": 0, ""option_type"": ""CE"", ""strike_price"": 132, ""oich"": 0}, {""ask"": 0, ""bid"": 0, ""oi"": 0, ""option_type"": ""CE"", ""strike_price"": 124, ""oich"": 0}, {""ask"": 0, ""bid"": 0, ""oi"": 0, ""option_type"": ""PE"", ""strike_price"": 132, ""oich"": 0}, {""ask"": 0, ""bid"": 0, ""oi"": 0, ""option_type"": ""CE"", ""strike_price"": 134, ""oich"": 0}, {""ask"": 0, ""bid"": 0, ""oi"": 0, ""option_type"": ""CE"", ""strike_price"": 102, ""oich"": 0}, {""ask"": 0, ""bid"": 0, ""oi"": 0, ""option_type"": ""PE"", ""strike_price"": 118, ""oich"": 0}, {""ask"": 0, ""bid"": 0, ""oi"": 0, ""option_type"": ""CE"", ""strike_price"": 120, ""oich"": 0}, {""ask"": 0, ""bid"": 0, ""oi"": 0, ""option_type"": ""PE"", ""strike_price"": 122, ""oich"": 0}, {""ask"": 0, ""bid"": 0, ""oi"": 0, ""option_type"": ""PE"", ""strike_price"": 134, ""oich"": 0}, {""ask"": 0, ""bid"": 0, ""oi"": 0, ""option_type"": ""CE"", ""strike_price"": 130, ""oich"": 0}, {""ask"": 0, ""bid"": 0, ""oi"": 0, ""option_type"": ""PE"", ""strike_price"": 136, ""oich"": 0}, {""ask"": 0, ""bid"": 0, ""oi"": 0, ""option_type"": ""PE"", ""strike_price"": 104, ""oich"": 0}, {""ask"": 0, ""bid"": 0, ""oi"": 0, ""option_type"": ""CE"", ""strike_price"": 114, ""oich"": 0}, {""ask"": 0, ""bid"": 0, ""oi"": 0, ""option_type"": ""PE"", ""strike_price"": 92, ""oich"": 0}, {""ask"": 0, ""bid"": 0, ""oi"": 0, ""option_type"": ""PE"", ""strike_price"": 98, ""oich"": 0}, {""ask"": 0, ""bid"": 0, ""oi"": 0, ""option_type"": ""PE"", ""strike_price"": 100, ""oich"": 0}, {""ask"": 0, ""bid"": 0, ""oi"": 0, ""option_type"": ""PE"", ""strike_price"": 102, ""oich"": 0}, {""ask"": 0, ""bid"": 0, ""oi"": 0, ""option_type"": ""PE"", ""strike_price"": 114, ""oich"": 0}, {""ask"": 0, ""bid"": 0, ""oi"": 0, ""option_type"": ""CE"", ""strike_price"": 122, ""oich"": 0}, {""ask"": 0, ""bid"": 0, ""oi"": 0, ""option_type"": ""PE"", ""strike_price"": 88, ""oich"": 0}, {""ask"": 0, ""bid"": 0, ""oi"": 0, ""option_type"": ""PE"", ""strike_price"": 106, ""oich"": 0}, {""ask"": 0, ""bid"": 0, ""oi"": 0, ""option_type"": ""PE"", ""strike_price"": 110, ""oich"": 0}, {""ask"": 0, ""bid"": 0, ""oi"": 0, ""option_type"": ""CE"", ""strike_price"": 126, ""oich"": 0}, {""ask"": 0, ""bid"": 0, ""oi"": 0, ""option_type"": ""PE"", ""strike_price"": 128, ""oich"": 0}, {""ask"": 0, ""bid"": 0, ""oi"": 0, ""option_type"": ""CE"", ""strike_price"": 128, ""oich"": 0}, {""ask"": 0, ""bid"": 0, ""oi"": 0, ""option_type"": ""PE"", ""strike_price"": 126, ""oich"": 0}, {""ask"": 0, ""bid"": 0, ""oi"": 0, ""option_type"": ""CE"", ""strike_price"": 118, ""oich"": 0}, {""ask"": 0, ""bid"": 0, ""oi"": 0, ""option_type"": ""CE"", ""strike_price"": 100, ""oich"": 0}, {""ask"": 0, ""bid"": 0, ""oi"": 0, ""option_type"": ""CE"", ""strike_price"": 88, ""oich"": 0}, {""ask"": 0, ""bid"": 0, ""oi"": 0, ""option_type"": ""PE"", ""strike_price"": 94, ""oich"": 0}, {""ask"": 0, ""bid"": 0, ""oi"": 0, ""option_type"": ""PE"", ""strike_price"": 96, ""oich"": 0}, {""ask"": 0, ""bid"": 0, ""oi"": 0, ""option_type"": ""CE"", ""strike_price"": 104, ""oich"": 0}, {""ask"": 0, ""bid"": 0, ""oi"": 0, ""option_type"": ""CE"", ""strike_price"": 106, ""oich"": 0}, {""ask"": 0, ""bid"": 0, ""oi"": 0, ""option_type"": ""CE"", ""strike_price"": 116, ""oich"": 0}, {""ask"": 0, ""bid"": 0, ""oi"": 0, ""option_type"": ""PE"", ""strike_price"": 124, ""oich"": 0}, {""ask"": 0, ""bid"": 0, ""oi"": 0, ""option_type"": ""PE"", ""strike_price"": 116, ""oich"": 0}, {""ask"": 0, ""bid"": 0, ""oi"": 2000, ""option_type"": ""PE"", ""strike_price"": 120, ""oich"": 2000}, {""ask"": 0, ""bid"": 0, ""oi"": 0, ""option_type"": ""CE"", ""strike_price"": 136, ""oich"": 0}, {""ask"": 0, ""bid"": 0, ""oi"": 0, ""option_type"": ""PE"", ""strike_price"": 140, ""oich"": 0}, {""ask"": 0, ""bid"": 0, ""oi"": 0, ""option_type"": ""CE"", ""strike_price"": 96, ""oich"": 0}, {""ask"": 0, ""bid"": 0, ""oi"": 0, ""option_type"": ""CE"", ""strike_price"": 108, ""oich"": 0}, {""ask"": 0, ""bid"": 0, ""oi"": 0, ""option_type"": ""PE"", ""strike_price"": 130, ""oich"": 0}, {""ask"": 0, ""bid"": 0, ""oi"": 0, ""option_type"": ""PE"", ""strike_price"": 108, ""oich"": 0}, {""ask"": 0, ""bid"": 0, ""oi"": 0, ""option_type"": ""CE"", ""strike_price"": 110, ""oich"": 0}, {""ask"": 0, ""bid"": 0, ""oi"": 0, ""option_type"": ""CE"", ""strike_price"": 112, ""oich"": 0}, {""ask"": 0, ""bid"": 0, ""oi"": 0, ""option_type"": ""CE"", ""strike_price"": 140, ""oich"": 0}, {""ask"": 0, ""bid"": 0, ""oi"": 0, ""option_type"": ""CE"", ""strike_price"": 92, ""oich"": 0}]",2000,2026-01-16
0,,,"[{""ask"": 0, ""bid"": 0, ""oi"": 0, ""option_type"": ""CE"", ""strike_price"": 114, ""oich"": 0}, {""ask"": 0, ""bid"": 0, ""oi"": 0, ""option_type"": ""PE"", ""strike_price"": 122, ""oich"": 0}, {""ask"": 0, ""bid"": 0, ""oi"": 0, ""option_type"": ""PE"", ""strike_price"": 134, ""oich"": 0}, {""ask"": 0, ""bid"": 0, ""oi"": 0, ""option_type"": ""CE"", ""strike_price"": 96, ""oich"": 0}, {""ask"": 0, ""bid"": 0, ""oi"": 0, ""option_type"": ""CE"", ""strike_price"": 108, ""oich"": 0}, {""ask"": 0, ""bid"": 0, ""oi"": 0, ""option_type"": ""PE"", ""strike_price"": 130, ""oich"": 0}, {""ask"": 0, ""bid"": 0, ""oi"": 0, ""option_type"": ""CE"", ""strike_price"": 128, ""oich"": 0}, {""ask"": 0, ""bid"": 0, ""oi"": 0, ""option_type"": ""PE"", ""strike_price"": 126, ""oich"": 0}, {""ask"": 0, ""bid"": 0, ""oi"": 0, ""option_type"": ""CE"", ""strike_price"": 118, ""oich"": 0}, {""ask"": 0, ""bid"": 0, ""oi"": 0, ""option_type"": ""CE"", ""strike_price"": 100, ""oich"": 0}, {""ask"": 0, ""bid"": 0, ""oi"": 0, ""option_type"": ""CE"", ""strike_price"": 88, ""oich"": 0}, {""ask"": 0, ""bid"": 0, ""oi"": 0, ""option_type"": ""PE"", ""strike_price"": 100, ""oich"": 0}, {""ask"": 0, ""bid"": 0, ""oi"": 0, ""option_type"": ""CE"", ""strike_price"": 122, ""oich"": 0}, {""ask"": 0, ""bid"": 0, ""oi"": 0, ""option_type"": ""PE"", ""strike_price"": 114, ""oich"": 0}, {""ask"": 0, ""bid"": 0, ""oi"": 0, ""option_type"": ""PE"", ""strike_price"": 102, ""oich"": 0}, {""ask"": 0, ""bid"": 0, ""oi"": 0, ""option_type"": ""PE"", ""strike_price"": 98, ""oich"": 0}, {""ask"": 0, ""bid"": 0, ""oi"": 0, ""option_type"": ""PE"", ""strike_price"": 92, ""oich"": 0}, {""ask"": 0, ""bid"": 0, ""oi"": 0, ""option_type"": ""PE"", ""strike_price"": 94, ""oich"": 0}, {""ask"": 0, ""bid"": 0, ""oi"": 0, ""option_type"": ""PE"", ""strike_price"": 96, ""oich"": 0}, {""ask"": 0, ""bid"": 0, ""oi"": 0, ""option_type"": ""CE"", ""strike_price"": 104, ""oich"": 0}, {""ask"": 0, ""bid"": 0, ""oi"": 0, ""option_type"": ""CE"", ""strike_price"": 106, ""oich"": 0}, {""ask"": 0, ""bid"": 0, ""oi"": 0, ""option_type"": ""CE"", ""strike_price"": 116, ""oich"": 0}, {""ask"": 0, ""bid"": 0, ""oi"": 0, ""option_type"": ""PE"", ""strike_price"": 124, ""oich"": 0}, {""ask"": 0, ""bid"": 0, ""oi"": 0, ""option_type"": ""CE"", ""strike_price"": 130, ""oich"": 0}, {""ask"": 0, ""bid"": 0, ""oi"": 0, ""option_type"": ""PE"", ""strike_price"": 136, ""oich"": 0}, {""ask"": 0, ""bid"": 0, ""oi"": 0, ""option_type"": ""PE"", ""strike_price"": 112, ""oich"": 0}, {""ask"": 0, ""bid"": 0, ""oi"": 0, ""option_type"": ""CE"", ""strike_price"": 98, ""oich"": 0}, {""ask"": 0, ""bid"": 0, ""oi"": 0, ""option_type"": ""CE"", ""strike_price"": 94, ""oich"": 0}, {""ask"": 0, ""bid"": 0, ""oi"": 0, ""option_type"": ""CE"", ""strike_price"": 132, ""oich"": 0}, {""ask"": 0, ""bid"": 0, ""oi"": 0, ""option_type"": ""PE"", ""strike_price"": 108, ""oich"": 0}, {""ask"": 0, ""bid"": 0, ""oi"": 0, ""option_type"": ""CE"", ""strike_price"": 110, ""oich"": 0}, {""ask"": 0, ""bid"": 0, ""oi"": 0, ""option_type"": ""CE"", ""strike_price"": 112, ""oich"": 0}, {""ask"": 0, ""bid"": 0, ""oi"": 0, ""option_type"": ""CE"", ""strike_price"": 140, ""oich"": 0}, {""ask"": 0, ""bid"": 0, ""oi"": 0, ""option_type"": ""CE"", ""strike_price"": 92, ""oich"": 0}, {""ask"": 0, ""bid"": 0, ""oi"": 0, ""option_type"": ""CE"", ""strike_price"": 134, ""oich"": 0}, {""ask"": 0, ""bid"": 0, ""oi"": 0, ""option_type"": ""PE"", ""strike_price"": 132, ""oich"": 0}, {""ask"": 0, ""bid"": 0, ""oi"": 0, ""option_type"": ""CE"", ""strike_price"": 124, ""oich"": 0}, {""ask"": 0, ""bid"": 0, ""oi"": 0, ""option_type"": ""CE"", ""strike_price"": 120, ""oich"": 0}, {""ask"": 0, ""bid"": 0, ""oi"": 0, ""option_type"": ""PE"", ""strike_price"": 118, ""oich"": 0}, {""ask"": 0, ""bid"": 0, ""oi"": 0, ""option_type"": ""CE"", ""strike_price"": 102, ""oich"": 0}, {""ask"": 0, ""bid"": 0, ""oi"": 0, ""option_type"": ""PE"", ""strike_price"": 140, ""oich"": 0}, {""ask"": 0, ""bid"": 0, ""oi"": 0, ""option_type"": ""CE"", ""strike_price"": 136, ""oich"": 0}, {""ask"": 0, ""bid"": 0, ""oi"": 2000, ""option_type"": ""PE"", ""strike_price"": 120, ""oich"": 0}, {""ask"": 0, ""bid"": 0, ""oi"": 0, ""option_type"": ""PE"", ""strike_price"": 116, ""oich"": 0}, {""ask"": 0, ""bid"": 0, ""oi"": 0, ""option_type"": ""PE"", ""strike_price"": 104, ""oich"": 0}, {""ask"": 0, ""bid"": 0, ""oi"": 0, ""option_type"": ""PE"", ""strike_price"": 88, ""oich"": 0}, {""ask"": 0, ""bid"": 0, ""oi"": 0, ""option_type"": ""PE"", ""strike_price"": 106, ""oich"": 0}, {""ask"": 0, ""bid"": 0, ""oi"": 0, ""option_type"": ""PE"", ""strike_price"": 110, ""oich"": 0}, {""ask"": 0, ""bid"": 0, ""oi"": 0, ""option_type"": ""CE"", ""strike_price"": 126, ""oich"": 0}, {""ask"": 0, ""bid"": 0, ""oi"": 0, ""option_type"": ""PE"", ""strike_price"": 128, ""oich"": 0}]",2000,2026-01-19
0,,,"[{""ask"": 0, ""bid"": 0, ""oi"": 0, ""option_type"": ""PE"", ""strike_price"": 104, ""oich"": 0}, {""ask"": 0, ""bid"": 0, ""oi"": 0, ""option_type"": ""CE"", ""strike_price"": 90, ""oich"": 0}, {""ask"": 0, ""bid"": 0, ""oi"": 0, ""option_type"": ""PE"", ""strike_price"": 140, ""oich"": 0}, {""ask"": 0, ""bid"": 0, ""oi"": 0, ""option_type"": ""CE"", ""strike_price"": 136, ""oich"": 0}, {""ask"": 0, ""bid"": 0, ""oi"": 2000, ""option_type"": ""PE"", ""strike_price"": 120, ""oich"": 0}, {""ask"": 0, ""bid"": 0, ""oi"": 0, ""option_type"": ""PE"", ""strike_price"": 116, ""oich"": 0}, {""ask"": 0, ""bid"": 0, ""oi"": 0, ""option_type"": ""CE"", ""strike_price"": 140, ""oich"": 0}, {""ask"": 0, ""bid"": 0, ""oi"": 0, ""option_type"": ""CE"", ""strike_price"": 112, ""oich"": 0}, {""ask"": 0, ""bid"": 0, ""oi"": 0, ""option_type"": ""CE"", ""strike_price"": 110, ""oich"": 0}, {""ask"": 0, ""bid"": 0, ""oi"": 0, ""option_type"": ""PE"", ""strike_price"": 108, ""oich"": 0}, {""ask"": 0, ""bid"": 0, ""oi"": 0, ""option_type"": ""CE"", ""strike_price"": 96, ""oich"": 0}, {""ask"": 0, ""bid"": 0, ""oi"": 0, ""option_type"": ""PE"", ""strike_price"": 130, ""oich"": 0}, {""ask"": 0, ""bid"": 0, ""oi"": 0, ""option_type"": ""CE"", ""strike_price"": 108, ""oich"": 0}, {""ask"": 0, ""bid"": 0, ""oi"": 0, ""option_type"": ""CE"", ""strike_price"": 128, ""oich"": 0}, {""ask"": 0, ""bid"": 0, ""oi"": 0, ""option_type"": ""PE"", ""strike_price"": 126, ""oich"": 0}, {""ask"": 0, ""bid"": 0, ""oi"": 0, ""option_type"": ""CE"", ""strike_price"": 118, ""oich"": 0}, {""ask"": 0, ""bid"": 0, ""oi"": 0, ""option_type"": ""CE"", ""strike_price"": 100, ""oich"": 0}, {""ask"": 0, ""bid"": 0, ""oi"": 0, ""option_type"": ""CE"", ""strike_price"": 88, ""oich"": 0}, {""ask"": 0, ""bid"": 0, ""oi"": 0, ""option_type"": ""PE"", ""strike_price"": 94, ""oich"": 0}, {""ask"": 0, ""bid"": 0, ""oi"": 0, ""option_type"": ""PE"", ""strike_price"": 96, ""oich"": 0}, {""ask"": 0, ""bid"": 0, ""oi"": 0, ""option_type"": ""CE"", ""strike_price"": 104, ""oich"": 0}, {""ask"": 0, ""bid"": 0, ""oi"": 0, ""option_type"": ""CE"", ""strike_price"": 106, ""oich"": 0}, {""ask"": 0, ""bid"": 0, ""oi"": 0, ""option_type"": ""CE"", ""strike_price"": 116, ""oich"": 0}, {""ask"": 0, ""bid"": 0, ""oi"": 0, ""option_type"": ""PE"", ""strike_price"": 124, ""oich"": 0}, {""ask"": 0, ""bid"": 0, ""oi"": 0, ""option_type"": ""CE"", ""strike_price"": 130, ""oich"": 0}, {""ask"": 0, ""bid"": 0, ""oi"": 0, ""option_type"": ""PE"", ""strike_price"": 136, ""oich"": 0}, {""ask"": 0, ""bid"": 0, ""oi"": 0, ""option_type"": ""PE"", ""strike_price"": 128, ""oich"": 0}, {""ask"": 0, ""bid"": 0, ""oi"": 0, ""option_type"": ""CE"", ""strike_price"": 126, ""oich"": 0}, {""ask"": 0, ""bid"": 0, ""oi"": 0, ""option_type"": ""PE"", ""strike_price"": 110, ""oich"": 0}, {""ask"": 0, ""bid"": 0, ""oi"": 0, ""option_type"": ""PE"", ""strike_price"": 106, ""oich"": 0}, {""ask"": 0, ""bid"": 0, ""oi"": 0, ""option_type"": ""PE"", ""strike_price"": 88, ""oich"": 0}, {""ask"": 0, ""bid"": 0, ""oi"": 0, ""option_type"": ""CE"", ""strike_price"": 92, ""oich"": 0}, {""ask"": 0, ""bid"": 0, ""oi"": 0, ""option_type"": ""PE"", ""strike_price"": 100, ""oich"": 0}, {""ask"": 0, ""bid"": 0, ""oi"": 0, ""option_type"": ""PE"", ""strike_price"": 102, ""oich"": 0}, {""ask"": 0, ""bid"": 0, ""oi"": 0, ""option_type"": ""PE"", ""strike_price"": 114, ""oich"": 0}, {""ask"": 0, ""bid"": 0, ""oi"": 0, ""option_type"": ""CE"", ""strike_price"": 122, ""oich"": 0}, {""ask"": 0, ""bid"": 0, ""oi"": 0, ""option_type"": ""PE"", ""strike_price"": 98, ""oich"": 0}, {""ask"": 0, ""bid"": 0, ""oi"": 0, ""option_type"": ""PE"", ""strike_price"": 92, ""oich"": 0}, {""ask"": 0, ""bid"": 0, ""oi"": 0, ""option_type"": ""PE"", ""strike_price"": 132, ""oich"": 0}, {""ask"": 0, ""bid"": 0, ""oi"": 0, ""option_type"": ""CE"", ""strike_price"": 134, ""oich"": 0}, {""ask"": 0, ""bid"": 0, ""oi"": 0, ""option_type"": ""CE"", ""strike_price"": 102, ""oich"": 0}, {""ask"": 0, ""bid"": 0, ""oi"": 0, ""option_type"": ""PE"", ""strike_price"": 118, ""oich"": 0}, {""ask"": 0, ""bid"": 0, ""oi"": 0, ""option_type"": ""CE"", ""strike_price"": 120, ""oich"": 0}, {""ask"": 0, ""bid"": 0, ""oi"": 0, ""option_type"": ""CE"", ""strike_price"": 124, ""oich"": 0}, {""ask"": 0, ""bid"": 0, ""oi"": 0, ""option_type"": ""CE"", ""strike_price"": 132, ""oich"": 0}, {""ask"": 0, ""bid"": 0, ""oi"": 0, ""option_type"": ""PE"", ""strike_price"": 112, ""oich"": 0}, {""ask"": 0, ""bid"": 0, ""oi"": 0, ""option_type"": ""CE"", ""strike_price"": 98, ""oich"": 0}, {""ask"": 0, ""bid"": 0, ""oi"": 0, ""option_type"": ""CE"", ""strike_price"": 94, ""oich"": 0}, {""ask"": 0, ""bid"": 0, ""oi"": 0, ""option_type"": ""PE"", ""strike_price"": 134, ""oich"": 0}, {""ask"": 0, ""bid"": 0, ""oi"": 0, ""option_type"": ""PE"", ""strike_price"": 90, ""oich"": 0}, {""ask"": 0, ""bid"": 0, ""oi"": 0, ""option_type"": ""CE"", ""strike_price"": 114, ""oich"": 0}, {""ask"": 0, ""bid"": 0, ""oi"": 0, ""option_type"": ""PE"", ""strike_price"": 122, ""oich"": 0}]",2000,2026-01-20
0,,,"[{""ask"": 0, ""bid"": 0, ""oi"": 0, ""option_type"": ""PE"", ""strike_price"": 90, ""oich"": 0}, {""ask"": 0, ""bid"": 0, ""oi"": 0, ""option_type"": ""CE"", ""strike_price"": 114, ""oich"": 0}, {""ask"": 0, ""bid"": 0, ""oi"": 0, ""option_type"": ""PE"", ""strike_price"": 122, ""oich"": 0}, {""ask"": 0, ""bid"": 0, ""oi"": 0, ""option_type"": ""PE"", ""strike_price"": 134, ""oich"": 0}, {""ask"": 0, ""bid"": 0, ""oi"": 0, ""option_type"": ""CE"", ""strike_price"": 112, ""oich"": 0}, {""ask"": 0, ""bid"": 0, ""oi"": 0, ""option_type"": ""CE"", ""strike_price"": 110, ""oich"": 0}, {""ask"": 0, ""bid"": 0, ""oi"": 0, ""option_type"": ""PE"", ""strike_price"": 108, ""oich"": 0}, {""ask"": 0, ""bid"": 0, ""oi"": 0, ""option_type"": ""CE"", ""strike_price"": 140, ""oich"": 0}, {""ask"": 0, ""bid"": 0, ""oi"": 0, ""option_type"": ""PE"", ""strike_price"": 132, ""oich"": 0}, {""ask"": 0, ""bid"": 0, ""oi"": 0, ""option_type"": ""CE"", ""strike_price"": 134, ""oich"": 0}, {""ask"": 0, ""bid"": 0, ""oi"": 0, ""option_type"": ""PE"", ""strike_price"": 86, ""oich"": 0}, {""ask"": 0, ""bid"": 0, ""oi"": 0, ""option_type"": ""CE"", ""strike_price"": 102, ""oich"": 0}, {""ask"": 0, ""bid"": 0, ""oi"": 0, ""option_type"": ""PE"", ""strike_price"": 118, ""oich"": 0}, {""ask"": 0, ""bid"": 0, ""oi"": 0, ""option_type"": ""CE"", ""strike_price"": 120, ""oich"": 0}, {""ask"": 0, ""bid"": 0, ""oi"": 0, ""option_type"": ""CE"", ""strike_price"": 124, ""oich"": 0}, {""ask"": 0, ""bid"": 0, ""oi"": 0, ""option_type"": ""CE"", ""strike_price"": 136, ""oich"": 0}, {""ask"": 0, ""bid"": 0, ""oi"": 0, ""option_type"": ""PE"", ""strike_price"": 140, ""oich"": 0}, {""ask"": 0, ""bid"": 0, ""oi"": 2000, ""option_type"": ""PE"", ""strike_price"": 120, ""oich"": 0}, {""ask"": 0, ""bid"": 0, ""oi"": 0, ""option_type"": ""PE"", ""strike_price"": 116, ""oich"": 0}, {""ask"": 0, ""bid"": 0, ""oi"": 0, ""option_type"": ""PE"", ""strike_price"": 104, ""oich"": 0}, {""ask"": 0, ""bid"": 0, ""oi"": 0, ""option_type"": ""CE"", ""strike_price"": 90, ""oich"": 0}, {""ask"": 0, ""bid"": 0, ""oi"": 0, ""option_type"": ""PE"", ""strike_price"": 80, ""oich"": 0}, {""ask"": 0, ""bid"": 0, ""oi"": 0, ""option_type"": ""CE"", ""strike_price"": 84, ""oich"": 0}, {""ask"": 0, ""bid"": 0, ""oi"": 0, ""option_type"": ""PE"", ""strike_price"": 94, ""oich"": 0}, {""ask"": 0, ""bid"": 0, ""oi"": 0, ""option_type"": ""PE"", ""strike_price"": 96, ""oich"": 0}, {""ask"": 0, ""bid"": 0, ""oi"": 0, ""option_type"": ""CE"", ""strike_price"": 104, ""oich"": 0}, {""ask"": 0, ""bid"": 0, ""oi"": 0, ""option_type"": ""CE"", ""strike_price"": 106, ""oich"": 0}, {""ask"": 0, ""bid"": 0, ""oi"": 0, ""option_type"": ""CE"", ""strike_price"": 116, ""oich"": 0}, {""ask"": 0, ""bid"": 0, ""oi"": 0, ""option_type"": ""PE"", ""strike_price"": 124, ""oich"": 0}, {""ask"": 0, ""bid"": 0, ""oi"": 0, ""option_type"": ""CE"", ""strike_price"": 130, ""oich"": 0}, {""ask"": 0, ""bid"": 0, ""oi"": 0, ""option_type"": ""PE"", ""strike_price"": 136, ""oich"": 0}, {""ask"": 0, ""bid"": 0, ""oi"": 0, ""option_type"": ""CE"", ""strike_price"": 80, ""oich"": 0}, {""ask"": 0, ""bid"": 0, ""oi"": 0, ""option_type"": ""PE"", ""strike_price"": 84, ""oich"": 0}, {""ask"": 0, ""bid"": 0, ""oi"": 0, ""option_type"": ""CE"", ""strike_price"": 88, ""oich"": 0}, {""ask"": 0, ""bid"": 0, ""oi"": 0, ""option_type"": ""CE"", ""strike_price"": 100, ""oich"": 0}, {""ask"": 0, ""bid"": 0, ""oi"": 0, ""option_type"": ""CE"", ""strike_price"": 118, ""oich"": 0}, {""ask"": 0, ""bid"": 0, ""oi"": 0, ""option_type"": ""PE"", ""strike_price"": 126, ""oich"": 0}, {""ask"": 0, ""bid"": 0, ""oi"": 0, ""option_type"": ""CE"", ""strike_price"": 128, ""oich"": 0}, {""ask"": 0, ""bid"": 0, ""oi"": 0, ""option_type"": ""PE"", ""strike_price"": 130, ""oich"": 0}, {""ask"": 0, ""bid"": 0, ""oi"": 0, ""option_type"": ""CE"", ""strike_price"": 108, ""oich"": 0}, {""ask"": 0, ""bid"": 0, ""oi"": 0, ""option_type"": ""CE"", ""strike_price"": 96, ""oich"": 0}, {""ask"": 0, ""bid"": 0, ""oi"": 0, ""option_type"": ""PE"", ""strike_price"": 88, ""oich"": 0}, {""ask"": 0, ""bid"": 0, ""oi"": 0, ""option_type"": ""PE"", ""strike_price"": 106, ""oich"": 0}, {""ask"": 0, ""bid"": 0, ""oi"": 0, ""option_type"": ""PE"", ""strike_price"": 110, ""oich"": 0}, {""ask"": 0, ""bid"": 0, ""oi"": 0, ""option_type"": ""CE"", ""strike_price"": 126, ""oich"": 0}, {""ask"": 0, ""bid"": 0, ""oi"": 0, ""option_type"": ""PE"", ""strike_price"": 128, ""oich"": 0}, {""ask"": 0, ""bid"": 0, ""oi"": 0, ""option_type"": ""CE"", ""strike_price"": 92, ""oich"": 0}, {""ask"": 0, ""bid"": 0, ""oi"": 0, ""option_type"": ""CE"", ""strike_price"": 86, ""oich"": 0}, {""ask"": 0, ""bid"": 0, ""oi"": 0, ""option_type"": ""CE"", ""strike_price"": 98, ""oich"": 0}, {""ask"": 0, ""bid"": 0, ""oi"": 0, ""option_type"": ""CE"", ""strike_price"": 94, ""oich"": 0}, {""ask"": 0, ""bid"": 0, ""oi"": 0, ""option_type"": ""CE"", ""strike_price"": 132, ""oich"": 0}, {""ask"": 0, ""bid"": 0, ""oi"": 0, ""option_type"": ""PE"", ""strike_price"": 112, ""oich"": 0}, {""ask"": 0, ""bid"": 0, ""oi"": 0, ""option_type"": ""PE"", ""strike_price"": 98, ""oich"": 0}, {""ask"": 0, ""bid"": 0, ""oi"": 0, ""option_type"": ""PE"", ""strike_price"": 92, ""oich"": 0}, {""ask"": 0, ""bid"": 0, ""oi"": 0, ""option_type"": ""PE"", ""strike_price"": 100, ""oich"": 0}, {""ask"": 0, ""bid"": 0, ""oi"": 0, ""option_type"": ""PE"", ""strike_price"": 102, ""oich"": 0}, {""ask"": 0, ""bid"": 0, ""oi"": 0, ""option_type"": ""PE"", ""strike_price"": 114, ""oich"": 0}, {""ask"": 0, ""bid"": 0, ""oi"": 0, ""option_type"": ""CE"", ""strike_price"": 122, ""oich"": 0}]",2000,2026-01-21
0,,,"[{""ask"": 0, ""bid"": 0, ""oi"": 0, ""option_type"": ""CE"", ""strike_price"": 106, ""oich"": 0}, {""ask"": 0, ""bid"": 0, ""oi"": 0, ""option_type"": ""CE"", ""strike_price"": 116, ""oich"": 0}, {""ask"": 0, ""bid"": 0, ""oi"": 0, ""option_type"": ""PE"", ""strike_price"": 124, ""oich"": 0}, {""ask"": 0, ""bid"": 0, ""oi"": 0, ""option_type"": ""CE"", ""strike_price"": 130, ""oich"": 0}, {""ask"": 0, ""bid"": 0, ""oi"": 0, ""option_type"": ""PE"", ""strike_price"": 136, ""oich"": 0}, {""ask"": 0, ""bid"": 0, ""oi"": 0, ""option_type"": ""PE"", ""strike_price"": 96, ""oich"": 0}, {""ask"": 0, ""bid"": 0, ""oi"": 0, ""option_type"": ""PE"", ""strike_price"": 94, ""oich"": 0}, {""ask"": 0, ""bid"": 0, ""oi"": 0, ""option_type"": ""CE"", ""strike_price"": 84, ""oich"": 0}, {""ask"": 0, ""bid"": 0, ""oi"": 0, ""option_type"": ""CE"", ""strike_price"": 104, ""oich"": 0}, {""ask"": 0, ""bid"": 0, ""oi"": 0, ""option_type"": ""CE"", ""strike_price"": 118, ""oich"": 0}, {""ask"": 0, ""bid"": 0, ""oi"": 0, ""option_type"": ""PE"", ""strike_price"": 126, ""oich"": 0}, {""ask"": 0, ""bid"": 0, ""oi"": 0, ""option_type"": ""CE"", ""strike_price"": 128, ""oich"": 0}, {""ask"": 0, ""bid"": 0, ""oi"": 0, ""option_type"": ""CE"", ""strike_price"": 100, ""oich"": 0}, {""ask"": 0, ""bid"": 0, ""oi"": 0, ""option_type"": ""CE"", ""strike_price"": 88, ""oich"": 0}, {""ask"": 0, ""bid"": 0, ""oi"": 0, ""option_type"": ""CE"", ""strike_price"": 80, ""oich"": 0}, {""ask"": 0, ""bid"": 0, ""oi"": 0, ""option_type"": ""CE"", ""strike_price"": 94, ""oich"": 0}, {""ask"": 0, ""bid"": 0, ""oi"": 0, ""option_type"": ""CE"", ""strike_price"": 132, ""oich"": 0}, {""ask"": 0, ""bid"": 0, ""oi"": 0, ""option_type"": ""PE"", ""strike_price"": 112, ""oich"": 0}, {""ask"": 0, ""bid"": 0, ""oi"": 0, ""option_type"": ""CE"", ""strike_price"": 98, ""oich"": 0}, {""ask"": 0, ""bid"": 0, ""oi"": 0, ""option_type"": ""PE"", ""strike_price"": 84, ""oich"": 0}, {""ask"": 0, ""bid"": 0, ""oi"": 0, ""option_type"": ""PE"", ""strike_price"": 90, ""oich"": 0}, {""ask"": 0, ""bid"": 0, ""oi"": 0, ""option_type"": ""CE"", ""strike_price"": 114, ""oich"": 0}, {""ask"": 0, ""bid"": 0, ""oi"": 0, ""option_type"": ""PE"", ""strike_price"": 122, ""oich"": 0}, {""ask"": 0, ""bid"": 0, ""oi"": 0, ""option_type"": ""PE"", ""strike_price"": 134, ""oich"": 0}, {""ask"": 0, ""bid"": 0, ""oi"": 0, ""option_type"": ""PE"", ""strike_price"": 140, ""oich"": 0}, {""ask"": 0, ""bid"": 0, ""oi"": 0, ""option_type"": ""PE"", ""strike_price"": 80, ""oich"": 0}, {""ask"": 0, ""bid"": 0, ""oi"": 0, ""option_type"": ""CE"", ""strike_price"": 90, ""oich"": 0}, {""ask"": 0, ""bid"": 0, ""oi"": 0, ""option_type"": ""PE"", ""strike_price"": 104, ""oich"": 0}, {""ask"": 0, ""bid"": 0, ""oi"": 0, ""option_type"": ""PE"", ""strike_price"": 116, ""oich"": 0}, {""ask"": 0, ""bid"": 0, ""oi"": 0, ""option_type"": ""CE"", ""strike_price"": 136, ""oich"": 0}, {""ask"": 0, ""bid"": 0, ""oi"": 2000, ""option_type"": ""PE"", ""strike_price"": 120, ""oich"": 0}, {""ask"": 0, ""bid"": 0, ""oi"": 0, ""option_type"": ""PE"", ""strike_price"": 128, ""oich"": 0}, {""ask"": 0, ""bid"": 0, ""oi"": 0, ""option_type"": ""PE"", ""strike_price"": 88, ""oich"": 0}, {""ask"": 0, ""bid"": 0, ""oi"": 0, ""option_type"": ""PE"", ""strike_price"": 106, ""oich"": 0}, {""ask"": 0, ""bid"": 0, ""oi"": 0, ""option_type"": ""PE"", ""strike_price"": 110, ""oich"": 0}, {""ask"": 0, ""bid"": 0, ""oi"": 0, ""option_type"": ""CE"", ""strike_price"": 126, ""oich"": 0}, {""ask"": 0, ""bid"": 0, ""oi"": 0, ""option_type"": ""CE"", ""strike_price"": 96, ""oich"": 0}, {""ask"": 0, ""bid"": 0, ""oi"": 0, ""option_type"": ""CE"", ""strike_price"": 108, ""oich"": 0}, {""ask"": 0, ""bid"": 0, ""oi"": 0, ""option_type"": ""PE"", ""strike_price"": 130, ""oich"": 0}, {""ask"": 0, ""bid"": 0, ""oi"": 0, ""option_type"": ""PE"", ""strike_price"": 102, ""oich"": 0}, {""ask"": 0, ""bid"": 0, ""oi"": 0, ""option_type"": ""PE"", ""strike_price"": 114, ""oich"": 0}, {""ask"": 0, ""bid"": 0, ""oi"": 0, ""option_type"": ""CE"", ""strike_price"": 122, ""oich"": 0}, {""ask"": 0, ""bid"": 0, ""oi"": 0, ""option_type"": ""PE"", ""strike_price"": 100, ""oich"": 0}, {""ask"": 0, ""bid"": 0, ""oi"": 0, ""option_type"": ""PE"", ""strike_price"": 98, ""oich"": 0}, {""ask"": 0, ""bid"": 0, ""oi"": 0, ""option_type"": ""PE"", ""strike_price"": 92, ""oich"": 0}, {""ask"": 0, ""bid"": 0, ""oi"": 0, ""option_type"": ""CE"", ""strike_price"": 86, ""oich"": 0}, {""ask"": 0, ""bid"": 0, ""oi"": 0, ""option_type"": ""CE"", ""strike_price"": 92, ""oich"": 0}, {""ask"": 0, ""bid"": 0, ""oi"": 0, ""option_type"": ""CE"", ""strike_price"": 110, ""oich"": 0}, {""ask"": 0, ""bid"": 0, ""oi"": 0, ""option_type"": ""CE"", ""strike_price"": 140, ""oich"": 0}, {""ask"": 0, ""bid"": 0, ""oi"": 0, ""option_type"": ""CE"", ""strike_price"": 112, ""oich"": 0}, {""ask"": 0, ""bid"": 0, ""oi"": 0, ""option_type"": ""PE"", ""strike_price"": 108, ""oich"": 0}, {""ask"": 0, ""bid"": 0, ""oi"": 0, ""option_type"": ""CE"", ""strike_price"": 134, ""oich"": 0}, {""ask"": 0, ""bid"": 0, ""oi"": 0, ""option_type"": ""PE"", ""strike_price"": 132, ""oich"": 0}, {""ask"": 0, ""bid"": 0, ""oi"": 0, ""option_type"": ""CE"", ""strike_price"": 124, ""oich"": 0}, {""ask"": 0, ""bid"": 0, ""oi"": 0, ""option_type"": ""CE"", ""strike_price"": 120, ""oich"": 0}, {""ask"": 0, ""bid"": 0, ""oi"": 0, ""option_type"": ""PE"", ""strike_price"": 118, ""oich"": 0}, {""ask"": 0, ""bid"": 0, ""oi"": 0, ""option_type"": ""CE"", ""strike_price"": 102, ""oich"": 0}, {""ask"": 0, ""bid"": 0, ""oi"": 0, ""option_type"": ""PE"", ""strike_price"": 86, ""oich"": 0}]",2000,2026-01-22
0,,,"[{""ask"": 0, ""bid"": 0, ""oi"": 0, ""option_type"": ""PE"", ""strike_price"": 108, ""oich"": 0}, {""ask"": 0, ""bid"": 0, ""oi"": 0, ""option_type"": ""CE"", ""strike_price"": 110, ""oich"": 0}, {""ask"": 0, ""bid"": 0, ""oi"": 0, ""option_type"": ""CE"", ""strike_price"": 112, ""oich"": 0}, {""ask"": 0, ""bid"": 0, ""oi"": 0, ""option_type"": ""CE"", ""strike_price"": 140, ""oich"": 0}, {""ask"": 0, ""bid"": 0, ""oi"": 0, ""option_type"": ""CE"", ""strike_price"": 86, ""oich"": 0}, {""ask"": 0, ""bid"": 0, ""oi"": 0, ""option_type"": ""CE"", ""strike_price"": 92, ""oich"": 0}, {""ask"": 0, ""bid"": 0, ""oi"": 2000, ""option_type"": ""PE"", ""strike_price"": 120, ""oich"": 0}, {""ask"": 0, ""bid"": 0, ""oi"": 0, ""option_type"": ""PE"", ""strike_price"": 116, ""oich"": 0}, {""ask"": 0, ""bid"": 0, ""oi"": 0, ""option_type"": ""PE"", ""strike_price"": 104, ""oich"": 0}, {""ask"": 0, ""bid"": 0, ""oi"": 0, ""option_type"": ""CE"", ""strike_price"": 90, ""oich"": 0}, {""ask"": 0, ""bid"": 0, ""oi"": 0, ""option_type"": ""PE"", ""strike_price"": 80, ""oich"": 0}, {""ask"": 0, ""bid"": 0, ""oi"": 0, ""option_type"": ""PE"", ""strike_price"": 140, ""oich"": 0}, {""ask"": 0, ""bid"": 0, ""oi"": 0, ""option_type"": ""CE"", ""strike_price"": 136, ""oich"": 0}, {""ask"": 0, ""bid"": 0, ""oi"": 0, ""option_type"": ""PE"", ""strike_price"": 130, ""oich"": 0}, {""ask"": 0, ""bid"": 0, ""oi"": 0, ""option_type"": ""CE"", ""strike_price"": 108, ""oich"": 0}, {""ask"": 0, ""bid"": 0, ""oi"": 0, ""option_type"": ""CE"", ""strike_price"": 96, ""oich"": 0}, {""ask"": 0, ""bid"": 0, ""oi"": 0, ""option_type"": ""CE"", ""strike_price"": 134, ""oich"": 0}, {""ask"": 0, ""bid"": 0, ""oi"": 0, ""option_type"": ""PE"", ""strike_price"": 132, ""oich"": 0}, {""ask"": 0, ""bid"": 0, ""oi"": 0, ""option_type"": ""CE"", ""strike_price"": 124, ""oich"": 0}, {""ask"": 0, ""bid"": 0, ""oi"": 0, ""option_type"": ""CE"", ""strike_price"": 120, ""oich"": 0}, {""ask"": 0, ""bid"": 0, ""oi"": 0, ""option_type"": ""PE"", ""strike_price"": 118, ""oich"": 0}, {""ask"": 0, ""bid"": 0, ""oi"": 0, ""option_type"": ""CE"", ""strike_price"": 102, ""oich"": 0}, {""ask"": 0, ""bid"": 0, ""oi"": 0, ""option_type"": ""PE"", ""strike_price"": 86, ""oich"": 0}, {""ask"": 0, ""bid"": 0, ""oi"": 0, ""option_type"": ""CE"", ""strike_price"": 88, ""oich"": 0}, {""ask"": 0, ""bid"": 0, ""oi"": 0, ""option_type"": ""CE"", ""strike_price"": 100, ""oich"": 0}, {""ask"": 0, ""bid"": 0, ""oi"": 0, ""option_type"": ""CE"", ""strike_price"": 118, ""oich"": 0}, {""ask"": 0, ""bid"": 0, ""oi"": 0, ""option_type"": ""PE"", ""strike_price"": 126, ""oich"": 0}, {""ask"": 0, ""bid"": 0, ""oi"": 0, ""option_type"": ""CE"", ""strike_price"": 128, ""oich"": 0}, {""ask"": 0, ""bid"": 0, ""oi"": 0, ""option_type"": ""CE"", ""strike_price"": 80, ""oich"": 0}, {""ask"": 0, ""bid"": 0, ""oi"": 0, ""option_type"": ""PE"", ""strike_price"": 128, ""oich"": 0}, {""ask"": 0, ""bid"": 0, ""oi"": 0, ""option_type"": ""CE"", ""strike_price"": 126, ""oich"": 0}, {""ask"": 0, ""bid"": 0, ""oi"": 0, ""option_type"": ""PE"", ""strike_price"": 110, ""oich"": 0}, {""ask"": 0, ""bid"": 0, ""oi"": 0, ""option_type"": ""PE"", ""strike_price"": 106, ""oich"": 0}, {""ask"": 0, ""bid"": 0, ""oi"": 0, ""option_type"": ""PE"", ""strike_price"": 88, ""oich"": 0}, {""ask"": 0, ""bid"": 0, ""oi"": 0, ""option_type"": ""CE"", ""strike_price"": 114, ""oich"": 0}, {""ask"": 0, ""bid"": 0, ""oi"": 0, ""option_type"": ""PE"", ""strike_price"": 90, ""oich"": 0}, {""ask"": 0, ""bid"": 0, ""oi"": 0, ""option_type"": ""PE"", ""strike_price"": 84, ""oich"": 0}, {""ask"": 0, ""bid"": 0, ""oi"": 0, ""option_type"": ""PE"", ""strike_price"": 134, ""oich"": 0}, {""ask"": 0, ""bid"": 0, ""oi"": 0, ""option_type"": ""PE"", ""strike_price"": 122, ""oich"": 0}, {""ask"": 0, ""bid"": 0, ""oi"": 0, ""option_type"": ""PE"", ""strike_price"": 136, ""oich"": 0}, {""ask"": 0, ""bid"": 0, ""oi"": 0, ""option_type"": ""CE"", ""strike_price"": 130, ""oich"": 0}, {""ask"": 0, ""bid"": 0, ""oi"": 0, ""option_type"": ""PE"", ""strike_price"": 124, ""oich"": 0}, {""ask"": 0, ""bid"": 0, ""oi"": 0, ""option_type"": ""CE"", ""strike_price"": 116, ""oich"": 0}, {""ask"": 0, ""bid"": 0, ""oi"": 0, ""option_type"": ""CE"", ""strike_price"": 106, ""oich"": 0}, {""ask"": 0, ""bid"": 0, ""oi"": 0, ""option_type"": ""CE"", ""strike_price"": 104, ""oich"": 0}, {""ask"": 0, ""bid"": 0, ""oi"": 0, ""option_type"": ""PE"", ""strike_price"": 96, ""oich"": 0}, {""ask"": 0, ""bid"": 0, ""oi"": 0, ""option_type"": ""PE"", ""strike_price"": 94, ""oich"": 0}, {""ask"": 0, ""bid"": 0, ""oi"": 0, ""option_type"": ""CE"", ""strike_price"": 84, ""oich"": 0}, {""ask"": 0, ""bid"": 0, ""oi"": 0, ""option_type"": ""PE"", ""strike_price"": 112, ""oich"": 0}, {""ask"": 0, ""bid"": 0, ""oi"": 0, ""option_type"": ""CE"", ""strike_price"": 98, ""oich"": 0}, {""ask"": 0, ""bid"": 0, ""oi"": 0, ""option_type"": ""CE"", ""strike_price"": 94, ""oich"": 0}, {""ask"": 0, ""bid"": 0, ""oi"": 0, ""option_type"": ""CE"", ""strike_price"": 132, ""oich"": 0}, {""ask"": 0, ""bid"": 0, ""oi"": 0, ""option_type"": ""CE"", ""strike_price"": 122, ""oich"": 0}, {""ask"": 0, ""bid"": 0, ""oi"": 0, ""option_type"": ""PE"", ""strike_price"": 114, ""oich"": 0}, {""ask"": 0, ""bid"": 0, ""oi"": 0, ""option_type"": ""PE"", ""strike_price"": 102, ""oich"": 0}, {""ask"": 0, ""bid"": 0, ""oi"": 0, ""option_type"": ""PE"", ""strike_price"": 100, ""oich"": 0}, {""ask"": 0, ""bid"": 0, ""oi"": 0, ""option_type"": ""PE"", ""strike_price"": 98, ""oich"": 0}, {""ask"": 0, ""bid"": 0, ""oi"": 0, ""option_type"": ""PE"", ""strike_price"": 92, ""oich"": 0}]",2000,2026-01-23
0,,,"[{""ask"": 0, ""bid"": 0, ""oi"": 0, ""option_type"": ""PE"", ""strike_price"": 84, ""oich"": 0}, {""ask"": 0, ""bid"": 0, ""oi"": 0, ""option_type"": ""PE"", ""strike_price"": 90, ""oich"": 0}, {""ask"": 0, ""bid"": 0, ""oi"": 0, ""option_type"": ""CE"", ""strike_price"": 114, ""oich"": 0}, {""ask"": 0, ""bid"": 0, ""oi"": 0, ""option_type"": ""PE"", ""strike_price"": 122, ""oich"": 0}, {""ask"": 0, ""bid"": 0, ""oi"": 0, ""option_type"": ""PE"", ""strike_price"": 134, ""oich"": 0}, {""ask"": 0, ""bid"": 0, ""oi"": 0, ""option_type"": ""CE"", ""strike_price"": 96, ""oich"": 0}, {""ask"": 0, ""bid"": 0, ""oi"": 0, ""option_type"": ""CE"", ""strike_price"": 108, ""oich"": 0}, {""ask"": 0, ""bid"": 0, ""oi"": 0, ""option_type"": ""PE"", ""strike_price"": 130, ""oich"": 0}, {""ask"": 0, ""bid"": 0, ""oi"": 0, ""option_type"": ""CE"", ""strike_price"": 80, ""oich"": 0}, {""ask"": 0, ""bid"": 0, ""oi"": 0, ""option_type"": ""CE"", ""strike_price"": 134, ""oich"": 0}, {""ask"": 0, ""bid"": 0, ""oi"": 0, ""option_type"": ""PE"", ""strike_price"": 132, ""oich"": 0}, {""ask"": 0, ""bid"": 0, ""oi"": 0, ""option_type"": ""CE"", ""strike_price"": 124, ""oich"": 0}, {""ask"": 0, ""bid"": 0, ""oi"": 0, ""option_type"": ""CE"", ""strike_price"": 120, ""oich"": 0}, {""ask"": 0, ""bid"": 0, ""oi"": 0, ""option_type"": ""PE"", ""strike_price"": 118, ""oich"": 0}, {""ask"": 0, ""bid"": 0, ""oi"": 0, ""option_type"": ""CE"", ""strike_price"": 102, ""oich"": 0}, {""ask"": 0, ""bid"": 0, ""oi"": 0, ""option_type"": ""PE"", ""strike_price"": 86, ""oich"": 0}, {""ask"": 0, ""bid"": 0, ""oi"": 0, ""option_type"": ""PE"", ""strike_price"": 112, ""oich"": 0}, {""ask"": 0, ""bid"": 0, ""oi"": 0, ""option_type"": ""CE"", ""strike_price"": 132, ""oich"": 0}, {""ask"": 0, ""bid"": 0, ""oi"": 0, ""option_type"": ""CE"", ""strike_price"": 98, ""oich"": 0}, {""ask"": 0, ""bid"": 0, ""oi"": 0, ""option_type"": ""CE"", ""strike_price"": 94, ""oich"": 0}, {""ask"": 0, ""bid"": 0, ""oi"": 0, ""option_type"": ""PE"", ""strike_price"": 136, ""oich"": 0}, {""ask"": 0, ""bid"": 0, ""oi"": 0, ""option_type"": ""CE"", ""strike_price"": 130, ""oich"": 0}, {""ask"": 0, ""bid"": 0, ""oi"": 0, ""option_type"": ""PE"", ""strike_price"": 124, ""oich"": 0}, {""ask"": 0, ""bid"": 0, ""oi"": 0, ""option_type"": ""CE"", ""strike_price"": 116, ""oich"": 0}, {""ask"": 0, ""bid"": 0, ""oi"": 0, ""option_type"": ""CE"", ""strike_price"": 106, ""oich"": 0}, {""ask"": 0, ""bid"": 0, ""oi"": 0, ""option_type"": ""CE"", ""strike_price"": 104, ""oich"": 0}, {""ask"": 0, ""bid"": 0, ""oi"": 0, ""option_type"": ""PE"", ""strike_price"": 96, ""oich"": 0}, {""ask"": 0, ""bid"": 0, ""oi"": 0, ""option_type"": ""PE"", ""strike_price"": 94, ""oich"": 0}, {""ask"": 0, ""bid"": 0, ""oi"": 0, ""option_type"": ""CE"", ""strike_price"": 84, ""oich"": 0}, {""ask"": 0, ""bid"": 0, ""oi"": 0, ""option_type"": ""CE"", ""strike_price"": 92, ""oich"": 0}, {""ask"": 0, ""bid"": 0, ""oi"": 0, ""option_type"": ""CE"", ""strike_price"": 86, ""oich"": 0}, {""ask"": 0, ""bid"": 0, ""oi"": 0, ""option_type"": ""PE"", ""strike_price"": 108, ""oich"": 0}, {""ask"": 0, ""bid"": 0, ""oi"": 0, ""option_type"": ""CE"", ""strike_price"": 110, ""oich"": 0}, {""ask"": 0, ""bid"": 0, ""oi"": 0, ""option_type"": ""CE"", ""strike_price"": 112, ""oich"": 0}, {""ask"": 0, ""bid"": 0, ""oi"": 0, ""option_type"": ""CE"", ""strike_price"": 140, ""oich"": 0}, {""ask"": 0, ""bid"": 0, ""oi"": 0, ""option_type"": ""PE"", ""strike_price"": 98, ""oich"": 0}, {""ask"": 0, ""bid"": 0, ""oi"": 0, ""option_type"": ""PE"", ""strike_price"": 100, ""oich"": 0}, {""ask"": 0, ""bid"": 0, ""oi"": 0, ""option_type"": ""PE"", ""strike_price"": 102, ""oich"": 0}, {""ask"": 0, ""bid"": 0, ""oi"": 0, ""option_type"": ""PE"", ""strike_price"": 114, ""oich"": 0}, {""ask"": 0, ""bid"": 0, ""oi"": 0, ""option_type"": ""CE"", ""strike_price"": 122, ""oich"": 0}, {""ask"": 0, ""bid"": 0, ""oi"": 0, ""option_type"": ""PE"", ""strike_price"": 92, ""oich"": 0}, {""ask"": 0, ""bid"": 0, ""oi"": 0, ""option_type"": ""CE"", ""strike_price"": 88, ""oich"": 0}, {""ask"": 0, ""bid"": 0, ""oi"": 0, ""option_type"": ""CE"", ""strike_price"": 100, ""oich"": 0}, {""ask"": 0, ""bid"": 0, ""oi"": 0, ""option_type"": ""CE"", ""strike_price"": 118, ""oich"": 0}, {""ask"": 0, ""bid"": 0, ""oi"": 0, ""option_type"": ""PE"", ""strike_price"": 126, ""oich"": 0}, {""ask"": 0, ""bid"": 0, ""oi"": 0, ""option_type"": ""CE"", ""strike_price"": 128, ""oich"": 0}, {""ask"": 0, ""bid"": 0, ""oi"": 2000, ""option_type"": ""PE"", ""strike_price"": 120, ""oich"": 0}, {""ask"": 0, ""bid"": 0, ""oi"": 0, ""option_type"": ""CE"", ""strike_price"": 136, ""oich"": 0}, {""ask"": 0, ""bid"": 0, ""oi"": 0, ""option_type"": ""PE"", ""strike_price"": 140, ""oich"": 0}, {""ask"": 0, ""bid"": 0, ""oi"": 0, ""option_type"": ""PE"", ""strike_price"": 80, ""oich"": 0}, {""ask"": 0, ""bid"": 0, ""oi"": 0, ""option_type"": ""CE"", ""strike_price"": 90, ""oich"": 0}, {""ask"": 0, ""bid"": 0, ""oi"": 0, ""option_type"": ""PE"", ""strike_price"": 104, ""oich"": 0}, {""ask"": 0, ""bid"": 0, ""oi"": 0, ""option_type"": ""PE"", ""strike_price"": 116, ""oich"": 0}, {""ask"": 0, ""bid"": 0, ""oi"": 0, ""option_type"": ""PE"", ""strike_price"": 128, ""oich"": 0}, {""ask"": 0, ""bid"": 0, ""oi"": 0, ""option_type"": ""CE"", ""strike_price"": 126, ""oich"": 0}, {""ask"": 0, ""bid"": 0, ""oi"": 0, ""option_type"": ""PE"", ""strike_price"": 110, ""oich"": 0}, {""ask"": 0, ""bid"": 0, ""oi"": 0, ""option_type"": ""PE"", ""strike_price"": 106, ""oich"": 0}, {""ask"": 0, ""bid"": 0, ""oi"": 0, ""option_type"": ""PE"", ""strike_price"": 88, ""oich"": 0}]",2000,2026-01-27
1000,,,"[{""ask"": 0, ""bid"": 0, ""oi"": 0, ""option_type"": ""PE"", ""strike_price"": 136, ""oich"": 0}, {""ask"": 0, ""bid"": 0, ""oi"": 0, ""option_type"": ""CE"", ""strike_price"": 130, ""oich"": 0}, {""ask"": 0, ""bid"": 0, ""oi"": 0, ""option_type"": ""PE"", ""strike_price"": 124, ""oich"": 0}, {""ask"": 0, ""bid"": 0, ""oi"": 0, ""option_type"": ""CE"", ""strike_price"": 116, ""oich"": 0}, {""ask"": 0, ""bid"": 0, ""oi"": 0, ""option_type"": ""CE"", ""strike_price"": 106, ""oich"": 0}, {""ask"": 0, ""bid"": 0, ""oi"": 0, ""option_type"": ""CE"", ""strike_price"": 104, ""oich"": 0}, {""ask"": 0, ""bid"": 0, ""oi"": 0, ""option_type"": ""PE"", ""strike_price"": 98, ""oich"": 0}, {""ask"": 0, ""bid"": 0, ""oi"": 0, ""option_type"": ""CE"", ""strike_price"": 101, ""oich"": 0}, {""ask"": 0, ""bid"": 0, ""oi"": 0, ""option_type"": ""PE"", ""strike_price"": 102, ""oich"": 0}, {""ask"": 0, ""bid"": 0, ""oi"": 0, ""option_type"": ""PE"", ""strike_price"": 103, ""oich"": 0}, {""ask"": 0, ""bid"": 0, ""oi"": 0, ""option_type"": ""PE"", ""strike_price"": 107, ""oich"": 0}, {""ask"": 0, ""bid"": 0, ""oi"": 0, ""option_type"": ""PE"", ""strike_price"": 114, ""oich"": 0}, {""ask"": 0, ""bid"": 0, ""oi"": 0, ""option_type"": ""PE"", ""strike_price"": 92, ""oich"": 0}, {""ask"": 0, ""bid"": 0, ""oi"": 0, ""option_type"": ""PE"", ""strike_price"": 97, ""oich"": 0}, {""ask"": 0, ""bid"": 0, ""oi"": 0, ""option_type"": ""PE"", ""strike_price"": 100, ""oich"": 0}, {""ask"": 0, ""bid"": 0, ""oi"": 0, ""option_type"": ""CE"", ""strike_price"": 122, ""oich"": 0}, {""ask"": 0, ""bid"": 0, ""oi"": 0, ""option_type"": ""CE"", ""strike_price"": 132, ""oich"": 0}, {""ask"": 0, ""bid"": 0, ""oi"": 0, ""option_type"": ""PE"", ""strike_price"": 112, ""oich"": 0}, {""ask"": 0, ""bid"": 0, ""oi"": 0, ""option_type"": ""CE"", ""strike_price"": 98, ""oich"": 0}, {""ask"": 0, ""bid"": 0, ""oi"": 0, ""option_type"": ""CE"", ""strike_price"": 94, ""oich"": 0}, {""ask"": 0, ""bid"": 0, ""oi"": 0, ""option_type"": ""PE"", ""strike_price"": 85, ""oich"": 0}, {""ask"": 0, ""bid"": 0, ""oi"": 0, ""option_type"": ""CE"", ""strike_price"": 88, ""oich"": 0}, {""ask"": 0, ""bid"": 0, ""oi"": 1000, ""option_type"": ""CE"", ""strike_price"": 100, ""oich"": 1000}, {""ask"": 0, ""bid"": 0, ""oi"": 0, ""option_type"": ""CE"", ""strike_price"": 118, ""oich"": 0}, {""ask"": 0, ""bid"": 0, ""oi"": 0, ""option_type"": ""PE"", ""strike_price"": 126, ""oich"": 0}, {""ask"": 0, ""bid"": 0, ""oi"": 0, ""option_type"": ""CE"", ""strike_price"": 128, ""oich"": 0}, {""ask"": 0, ""bid"": 0, ""oi"": 0, ""option_type"": ""CE"", ""strike_price"": 78, ""oich"": 0}, {""ask"": 0, ""bid"": 0, ""oi"": 0, ""option_type"": ""CE"", ""strike_price"": 86, ""oich"": 0}, {""ask"": 0, ""bid"": 0, ""oi"": 0, ""option_type"": ""CE"", ""strike_price"": 91, ""oich"": 0}, {""ask"": 0, ""bid"": 0, ""oi"": 0, ""option_type"": ""CE"", ""strike_price"": 92, ""oich"": 0}, {""ask"": 0, ""bid"": 0, ""oi"": 0, ""option_type"": ""PE"", ""strike_price"": 93, ""oich"": 0}, {""ask"": 0, ""bid"": 0, ""oi"": 0, ""option_type"": ""CE"", ""strike_price"": 103, ""oich"": 0}, {""ask"": 0, ""bid"": 0, ""oi"": 0, ""option_type"": ""CE"", ""strike_price"": 107, ""oich"": 0}, {""ask"": 0, ""bid"": 0, ""oi"": 0, ""option_type"": ""CE"", ""strike_price"": 96, ""oich"": 0}, {""ask"": 0, ""bid"": 0, ""oi"": 0, ""option_type"": ""CE"", ""strike_price"": 93, ""oich"": 0}, {""ask"": 0, ""bid"": 0, ""oi"": 0, ""option_type"": ""PE"", ""strike_price"": 130, ""oich"": 0}, {""ask"": 0, ""bid"": 0, ""oi"": 0, ""option_type"": ""PE"", ""strike_price"": 109, ""oich"": 0}, {""ask"": 0, ""bid"": 0, ""oi"": 0, ""option_type"": ""CE"", ""strike_price"": 108, ""oich"": 0}, {""ask"": 0, ""bid"": 0, ""oi"": 0, ""option_type"": ""PE"", ""strike_price"": 88, ""oich"": 0}, {""ask"": 0, ""bid"": 0, ""oi"": 0, ""option_type"": ""PE"", ""strike_price"": 128, ""oich"": 0}, {""ask"": 0, ""bid"": 0, ""oi"": 0, ""option_type"": ""CE"", ""strike_price"": 126, ""oich"": 0}, {""ask"": 0, ""bid"": 0, ""oi"": 0, ""option_type"": ""PE"", ""strike_price"": 110, ""oich"": 0}, {""ask"": 0, ""bid"": 0, ""oi"": 0, ""option_type"": ""PE"", ""strike_price"": 106, ""oich"": 0}, {""ask"": 0, ""bid"": 0, ""oi"": 0, ""option_type"": ""CE"", ""strike_price"": 89, ""oich"": 0}, {""ask"": 0, ""bid"": 0, ""oi"": 0, ""option_type"": ""CE"", ""strike_price"": 134, ""oich"": 0}, {""ask"": 0, ""bid"": 0, ""oi"": 0, ""option_type"": ""PE"", ""strike_price"": 132, ""oich"": 0}, {""ask"": 0, ""bid"": 0, ""oi"": 0, ""option_type"": ""CE"", ""strike_price"": 102, ""oich"": 0}, {""ask"": 0, ""bid"": 0, ""oi"": 0, ""option_type"": ""PE"", ""strike_price"": 105, ""oich"": 0}, {""ask"": 0, ""bid"": 0, ""oi"": 0, ""option_type"": ""PE"", ""strike_price"": 118, ""oich"": 0}, {""ask"": 0, ""bid"": 0, ""oi"": 0, ""option_type"": ""CE"", ""strike_price"": 120, ""oich"": 0}, {""ask"": 0, ""bid"": 0, ""oi"": 0, ""option_type"": ""CE"", ""strike_price"": 124, ""oich"": 0}, {""ask"": 0, ""bid"": 0, ""oi"": 0, ""option_type"": ""CE"", ""strike_price"": 82, ""oich"": 0}, {""ask"": 0, ""bid"": 0, ""oi"": 0, ""option_type"": ""PE"", ""strike_price"": 86, ""oich"": 0}, {""ask"": 0, ""bid"": 0, ""oi"": 0, ""option_type"": ""PE"", ""strike_price"": 89, ""oich"": 0}, {""ask"": 0, ""bid"": 0, ""oi"": 0, ""option_type"": ""PE"", ""strike_price"": 91, ""oich"": 0}, {""ask"": 0, ""bid"": 0, ""oi"": 0, ""option_type"": ""CE"", ""strike_price"": 97, ""oich"": 0}, {""ask"": 0, ""bid"": 0, ""oi"": 0, ""option_type"": ""CE"", ""strike_price"": 95, ""oich"": 0}, {""ask"": 0, ""bid"": 0, ""oi"": 0, ""option_type"": ""PE"", ""strike_price"": 87, ""oich"": 0}, {""ask"": 0, ""bid"": 0, ""oi"": 0, ""option_type"": ""CE"", ""strike_price"": 87, ""oich"": 0}, {""ask"": 0, ""bid"": 0, ""oi"": 0, ""option_type"": ""CE"", ""strike_price"": 80, ""oich"": 0}, {""ask"": 0, ""bid"": 0, ""oi"": 0, ""option_type"": ""PE"", ""strike_price"": 82, ""oich"": 0}, {""ask"": 0, ""bid"": 0, ""oi"": 0, ""option_type"": ""CE"", ""strike_price"": 84, ""oich"": 0}, {""ask"": 0, ""bid"": 0, ""oi"": 0, ""option_type"": ""PE"", ""strike_price"": 94, ""oich"": 0}, {""ask"": 0, ""bid"": 0, ""oi"": 0, ""option_type"": ""PE"", ""strike_price"": 96, ""oich"": 0}, {""ask"": 0, ""bid"": 0, ""oi"": 0, ""option_type"": ""CE"", ""strike_price"": 112, ""oich"": 0}, {""ask"": 0, ""bid"": 0, ""oi"": 0, ""option_type"": ""CE"", ""strike_price"": 110, ""oich"": 0}, {""ask"": 0, ""bid"": 0, ""oi"": 0, ""option_type"": ""PE"", ""strike_price"": 108, ""oich"": 0}, {""ask"": 0, ""bid"": 0, ""oi"": 0, ""option_type"": ""CE"", ""strike_price"": 99, ""oich"": 0}, {""ask"": 0, ""bid"": 0, ""oi"": 0, ""option_type"": ""CE"", ""strike_price"": 85, ""oich"": 0}, {""ask"": 0, ""bid"": 0, ""oi"": 0, ""option_type"": ""PE"", ""strike_price"": 78, ""oich"": 0}, {""ask"": 0, ""bid"": 0, ""oi"": 0, ""option_type"": ""CE"", ""strike_price"": 140, ""oich"": 0}, {""ask"": 0, ""bid"": 0, ""oi"": 0, ""option_type"": ""PE"", ""strike_price"": 134, ""oich"": 0}, {""ask"": 0, ""bid"": 0, ""oi"": 0, ""option_type"": ""PE"", ""strike_price"": 122, ""oich"": 0}, {""ask"": 0, ""bid"": 0, ""oi"": 0, ""option_type"": ""PE"", ""strike_price"": 90, ""oich"": 0}, {""ask"": 0, ""bid"": 0, ""oi"": 0, ""option_type"": ""PE"", ""strike_price"": 84, ""oich"": 0}, {""ask"": 0, ""bid"": 0, ""oi"": 0, ""option_type"": ""CE"", ""strike_price"": 114, ""oich"": 0}, {""ask"": 0, ""bid"": 0, ""oi"": 0, ""option_type"": ""PE"", ""strike_price"": 140, ""oich"": 0}, {""ask"": 0, ""bid"": 0, ""oi"": 0, ""option_type"": ""CE"", ""strike_price"": 136, ""oich"": 0}, {""ask"": 0, ""bid"": 0, ""oi"": 2000, ""option_type"": ""PE"", ""strike_price"": 120, ""oich"": 0}, {""ask"": 0, ""bid"": 0, ""oi"": 0, ""option_type"": ""PE"", ""strike_price"": 116, ""oich"": 0}, {""ask"": 0, ""bid"": 0, ""oi"": 0, ""option_type"": ""CE"", ""strike_price"": 109, ""oich"": 0}, {""ask"": 0, ""bid"": 0, ""oi"": 0, ""option_type"": ""PE"", ""strike_price"": 80, ""oich"": 0}, {""ask"": 0, ""bid"": 0, ""oi"": 0, ""option_type"": ""CE"", ""strike_price"": 90, ""oich"": 0}, {""ask"": 0, ""bid"": 0, ""oi"": 0, ""option_type"": ""PE"", ""strike_price"": 95, ""oich"": 0}, {""ask"": 0, ""bid"": 0, ""oi"": 0, ""option_type"": ""PE"", ""strike_price"": 99, ""oich"": 0}, {""ask"": 0, ""bid"": 0, ""oi"": 0, ""option_type"": ""PE"", ""strike_price"": 101, ""oich"": 0}, {""ask"": 0, ""bid"": 0, ""oi"": 0, ""option_type"": ""PE"", ""strike_price"": 104, ""oich"": 0}, {""ask"": 0, ""bid"": 0, ""oi"": 0, ""option_type"": ""CE"", ""strike_price"": 105, ""oich"": 0}]",2000,2026-01-28
11000,,,"[{""ask"": 0, ""bid"": 0, ""oi"": 0, ""option_type"": ""PE"", ""strike_price"": 114, ""oich"": 0}, {""ask"": 0, ""bid"": 0, ""oi"": 0, ""option_type"": ""PE"", ""strike_price"": 107, ""oich"": 0}, {""ask"": 0, ""bid"": 0, ""oi"": 0, ""option_type"": ""PE"", ""strike_price"": 103, ""oich"": 0}, {""ask"": 0, ""bid"": 0, ""oi"": 0, ""option_type"": ""PE"", ""strike_price"": 102, ""oich"": 0}, {""ask"": 0, ""bid"": 0, ""oi"": 0, ""option_type"": ""CE"", ""strike_price"": 101, ""oich"": 0}, {""ask"": 0, ""bid"": 0, ""oi"": 0, ""option_type"": ""PE"", ""strike_price"": 100, ""oich"": 0}, {""ask"": 0, ""bid"": 0, ""oi"": 0, ""option_type"": ""PE"", ""strike_price"": 98, ""oich"": 0}, {""ask"": 0, ""bid"": 0, ""oi"": 0, ""option_type"": ""PE"", ""strike_price"": 97, ""oich"": 0}, {""ask"": 0, ""bid"": 0, ""oi"": 0, ""option_type"": ""PE"", ""strike_price"": 92, ""oich"": 0}, {""ask"": 0, ""bid"": 0, ""oi"": 0, ""option_type"": ""CE"", ""strike_price"": 116, ""oich"": 0}, {""ask"": 0, ""bid"": 0, ""oi"": 0, ""option_type"": ""CE"", ""strike_price"": 111, ""oich"": 0}, {""ask"": 0, ""bid"": 0, ""oi"": 0, ""option_type"": ""CE"", ""strike_price"": 106, ""oich"": 0}, {""ask"": 0, ""bid"": 0, ""oi"": 0, ""option_type"": ""CE"", ""strike_price"": 104, ""oich"": 0}, {""ask"": 0, ""bid"": 0, ""oi"": 0, ""option_type"": ""PE"", ""strike_price"": 96, ""oich"": 0}, {""ask"": 0, ""bid"": 0, ""oi"": 0, ""option_type"": ""PE"", ""strike_price"": 94, ""oich"": 0}, {""ask"": 0, ""bid"": 0, ""oi"": 0, ""option_type"": ""CE"", ""strike_price"": 84, ""oich"": 0}, {""ask"": 0, ""bid"": 0, ""oi"": 0, ""option_type"": ""PE"", ""strike_price"": 82, ""oich"": 0}, {""ask"": 0, ""bid"": 0, ""oi"": 0, ""option_type"": ""CE"", ""strike_price"": 90, ""oich"": 0}, {""ask"": 0, ""bid"": 0, ""oi"": 0, ""option_type"": ""PE"", ""strike_price"": 101, ""oich"": 0}, {""ask"": 0, ""bid"": 0, ""oi"": 2000, ""option_type"": ""PE"", ""strike_price"": 120, ""oich"": 0}, {""ask"": 0, ""bid"": 0, ""oi"": 0, ""option_type"": ""PE"", ""strike_price"": 116, ""oich"": 0}, {""ask"": 0, ""bid"": 0, ""oi"": 0, ""option_type"": ""CE"", ""strike_price"": 109, ""oich"": 0}, {""ask"": 0, ""bid"": 0, ""oi"": 0, ""option_type"": ""CE"", ""strike_price"": 105, ""oich"": 0}, {""ask"": 0, ""bid"": 0, ""oi"": 0, ""option_type"": ""PE"", ""strike_price"": 104, ""oich"": 0}, {""ask"": 0, ""bid"": 0, ""oi"": 0, ""option_type"": ""PE"", ""strike_price"": 99, ""oich"": 0}, {""ask"": 0, ""bid"": 0, ""oi"": 0, ""option_type"": ""PE"", ""strike_price"": 95, ""oich"": 0}, {""ask"": 0, ""bid"": 0, ""oi"": 0, ""option_type"": ""PE"", ""strike_price"": 118, ""oich"": 0}, {""ask"": 0, ""bid"": 0, ""oi"": 0, ""option_type"": ""PE"", ""strike_price"": 105, ""oich"": 0}, {""ask"": 0, ""bid"": 0, ""oi"": 0, ""option_type"": ""CE"", ""strike_price"": 102, ""oich"": 0}, {""ask"": 0, ""bid"": 0, ""oi"": 0, ""option_type"": ""PE"", ""strike_price"": 91, ""oich"": 0}, {""ask"": 0, ""bid"": 0, ""oi"": 0, ""option_type"": ""PE"", ""strike_price"": 89, ""oich"": 0}, {""ask"": 0, ""bid"": 0, ""oi"": 0, ""option_type"": ""PE"", ""strike_price"": 86, ""oich"": 0}, {""ask"": 0, ""bid"": 0, ""oi"": 0, ""option_type"": ""CE"", ""strike_price"": 82, ""oich"": 0}, {""ask"": 0, ""bid"": 0, ""oi"": 0, ""option_type"": ""CE"", ""strike_price"": 96, ""oich"": 0}, {""ask"": 0, ""bid"": 0, ""oi"": 0, ""option_type"": ""CE"", ""strike_price"": 93, ""oich"": 0}, {""ask"": 0, ""bid"": 0, ""oi"": 0, ""option_type"": ""PE"", ""strike_price"": 109, ""oich"": 0}, {""ask"": 0, ""bid"": 0, ""oi"": 0, ""option_type"": ""CE"", ""strike_price"": 108, ""oich"": 0}, {""ask"": 0, ""bid"": 0, ""oi"": 0, ""option_type"": ""CE"", ""strike_price"": 107, ""oich"": 0}, {""ask"": 0, ""bid"": 0, ""oi"": 0, ""option_type"": ""CE"", ""strike_price"": 88, ""oich"": 0}, {""ask"": 0, ""bid"": 0, ""oi"": 11000, ""option_type"": ""CE"", ""strike_price"": 100, ""oich"": 10000}, {""ask"": 0, ""bid"": 0, ""oi"": 0, ""option_type"": ""CE"", ""strike_price"": 118, ""oich"": 0}, {""ask"": 0, ""bid"": 0, ""oi"": 0, ""option_type"": ""PE"", ""strike_price"": 93, ""oich"": 0}, {""ask"": 0, ""bid"": 0, ""oi"": 0, ""option_type"": ""CE"", ""strike_price"": 92, ""oich"": 0}, {""ask"": 0, ""bid"": 0, ""oi"": 0, ""option_type"": ""CE"", ""strike_price"": 91, ""oich"": 0}, {""ask"": 0, ""bid"": 0, ""oi"": 0, ""option_type"": ""CE"", ""strike_price"": 86, ""oich"": 0}, {""ask"": 0, ""bid"": 0, ""oi"": 0, ""option_type"": ""CE"", ""strike_price"": 103, ""oich"": 0}, {""ask"": 0, ""bid"": 0, ""oi"": 0, ""option_type"": ""PE"", ""strike_price"": 112, ""oich"": 0}, {""ask"": 0, ""bid"": 0, ""oi"": 0, ""option_type"": ""CE"", ""strike_price"": 94, ""oich"": 0}, {""ask"": 0, ""bid"": 0, ""oi"": 0, ""option_type"": ""CE"", ""strike_price"": 98, ""oich"": 0}, {""ask"": 0, ""bid"": 0, ""oi"": 0, ""option_type"": ""PE"", ""strike_price"": 88, ""oich"": 0}, {""ask"": 0, ""bid"": 0, ""oi"": 0, ""option_type"": ""CE"", ""strike_price"": 89, ""oich"": 0}, {""ask"": 0, ""bid"": 0, ""oi"": 0, ""option_type"": ""PE"", ""strike_price"": 106, ""oich"": 0}, {""ask"": 0, ""bid"": 0, ""oi"": 0, ""option_type"": ""PE"", ""strike_price"": 110, ""oich"": 0}, {""ask"": 0, ""bid"": 0, ""oi"": 0, ""option_type"": ""PE"", ""strike_price"": 111, ""oich"": 0}, {""ask"": 0, ""bid"": 0, ""oi"": 0, ""option_type"": ""CE"", ""strike_price"": 97, ""oich"": 0}, {""ask"": 0, ""bid"": 0, ""oi"": 0, ""option_type"": ""CE"", ""strike_price"": 95, ""oich"": 0}, {""ask"": 0, ""bid"": 0, ""oi"": 0, ""option_type"": ""CE"", ""strike_price"": 114, ""oich"": 0}, {""ask"": 0, ""bid"": 0, ""oi"": 0, ""option_type"": ""PE"", ""strike_price"": 90, ""oich"": 0}, {""ask"": 0, ""bid"": 0, ""oi"": 0, ""option_type"": ""PE"", ""strike_price"": 84, ""oich"": 0}, {""ask"": 0, ""bid"": 0, ""oi"": 0, ""option_type"": ""CE"", ""strike_price"": 112, ""oich"": 0}, {""ask"": 0, ""bid"": 0, ""oi"": 0, ""option_type"": ""CE"", ""strike_price"": 110, ""oich"": 0}, {""ask"": 0, ""bid"": 0, ""oi"": 0, ""option_type"": ""PE"", ""strike_price"": 108, ""oich"": 0}, {""ask"": 0, ""bid"": 0, ""oi"": 0, ""option_type"": ""CE"", ""strike_price"": 99, ""oich"": 0}]",2000,2026-01-29
12000,,,"[{""ask"": 0, ""bid"": 0, ""oi"": 0, ""option_type"": ""CE"", ""strike_price"": 89, ""oich"": 0}, {""ask"": 0, ""bid"": 0, ""oi"": 0, ""option_type"": ""PE"", ""strike_price"": 110, ""oich"": 0}, {""ask"": 0, ""bid"": 0, ""oi"": 0, ""option_type"": ""PE"", ""strike_price"": 106, ""oich"": 0}, {""ask"": 0, ""bid"": 0, ""oi"": 0, ""option_type"": ""PE"", ""strike_price"": 88, ""oich"": 0}, {""ask"": 0, ""bid"": 0, ""oi"": 0, ""option_type"": ""CE"", ""strike_price"": 93, ""oich"": 0}, {""ask"": 0, ""bid"": 0, ""oi"": 0, ""option_type"": ""CE"", ""strike_price"": 96, ""oich"": 0}, {""ask"": 0, ""bid"": 0, ""oi"": 0, ""option_type"": ""CE"", ""strike_price"": 107, ""oich"": 0}, {""ask"": 0, ""bid"": 0, ""oi"": 0, ""option_type"": ""CE"", ""strike_price"": 108, ""oich"": 0}, {""ask"": 0, ""bid"": 0, ""oi"": 0, ""option_type"": ""PE"", ""strike_price"": 109, ""oich"": 0}, {""ask"": 0, ""bid"": 0, ""oi"": 0, ""option_type"": ""CE"", ""strike_price"": 114, ""oich"": 0}, {""ask"": 0, ""bid"": 0, ""oi"": 38000, ""option_type"": ""PE"", ""strike_price"": 90, ""oich"": 38000}, {""ask"": 0, ""bid"": 0, ""oi"": 0, ""option_type"": ""PE"", ""strike_price"": 84, ""oich"": 0}, {""ask"": 0, ""bid"": 0, ""oi"": 0, ""option_type"": ""PE"", ""strike_price"": 87, ""oich"": 0}, {""ask"": 0, ""bid"": 0, ""oi"": 0, ""option_type"": ""CE"", ""strike_price"": 95, ""oich"": 0}, {""ask"": 0, ""bid"": 0, ""oi"": 0, ""option_type"": ""CE"", ""strike_price"": 97, ""oich"": 0}, {""ask"": 0, ""bid"": 0, ""oi"": 0, ""option_type"": ""PE"", ""strike_price"": 111, ""oich"": 0}, {""ask"": 0, ""bid"": 0, ""oi"": 0, ""option_type"": ""CE"", ""strike_price"": 87, ""oich"": 0}, {""ask"": 0, ""bid"": 0, ""oi"": 0, ""option_type"": ""CE"", ""strike_price"": 98, ""oich"": 0}, {""ask"": 0, ""bid"": 0, ""oi"": 0, ""option_type"": ""PE"", ""strike_price"": 112, ""oich"": 0}, {""ask"": 0, ""bid"": 0, ""oi"": 0, ""option_type"": ""CE"", ""strike_price"": 94, ""oich"": 0}, {""ask"": 0, ""bid"": 0, ""oi"": 0, ""option_type"": ""CE"", ""strike_price"": 90, ""oich"": 0}, {""ask"": 0, ""bid"": 0, ""oi"": 0, ""option_type"": ""PE"", ""strike_price"": 95, ""oich"": 0}, {""ask"": 0, ""bid"": 0, ""oi"": 0, ""option_type"": ""PE"", ""strike_price"": 99, ""oich"": 0}, {""ask"": 0, ""bid"": 0, ""oi"": 0, ""option_type"": ""PE"", ""strike_price"": 101, ""oich"": 0}, {""ask"": 0, ""bid"": 0, ""oi"": 0, ""option_type"": ""PE"", ""strike_price"": 104, ""oich"": 0}, {""ask"": 0, ""bid"": 0, ""oi"": 0, ""option_type"": ""CE"", ""strike_price"": 105, ""oich"": 0}, {""ask"": 0, ""bid"": 0, ""oi"": 0, ""option_type"": ""CE"", ""strike_price"": 109, ""oich"": 0}, {""ask"": 0, ""bid"": 0, ""oi"": 0, ""option_type"": ""PE"", ""strike_price"": 116, ""oich"": 0}, {""ask"": 0, ""bid"": 0, ""oi"": 2000, ""option_type"": ""PE"", ""strike_price"": 120, ""oich"": 0}, {""ask"": 0, ""bid"": 0, ""oi"": 0, ""option_type"": ""CE"", ""strike_price"": 86, ""oich"": 0}, {""ask"": 0, ""bid"": 0, ""oi"": 0, ""option_type"": ""CE"", ""strike_price"": 103, ""oich"": 0}, {""ask"": 0, ""bid"": 0, ""oi"": 0, ""option_type"": ""PE"", ""strike_price"": 93, ""oich"": 0}, {""ask"": 0, ""bid"": 0, ""oi"": 0, ""option_type"": ""CE"", ""strike_price"": 92, ""oich"": 0}, {""ask"": 0, ""bid"": 0, ""oi"": 0, ""option_type"": ""CE"", ""strike_price"": 91, ""oich"": 0}, {""ask"": 0, ""bid"": 0, ""oi"": 0, ""option_type"": ""CE"", ""strike_price"": 88, ""oich"": 0}, {""ask"": 0, ""bid"": 0, ""oi"": 12000, ""option_type"": ""CE"", ""strike_price"": 100, ""oich"": 1000}, {""ask"": 0, ""bid"": 0, ""oi"": 0, ""option_type"": ""CE"", ""strike_price"": 118, ""oich"": 0}, {""ask"": 0, ""bid"": 0, ""oi"": 0, ""option_type"": ""PE"", ""strike_price"": 82, ""oich"": 0}, {""ask"": 0, ""bid"": 0, ""oi"": 0, ""option_type"": ""CE"", ""strike_price"": 84, ""oich"": 0}, {""ask"": 0, ""bid"": 0, ""oi"": 0, ""option_type"": ""PE"", ""strike_price"": 94, ""oich"": 0}, {""ask"": 0, ""bid"": 0, ""oi"": 0, ""option_type"": ""PE"", ""strike_price"": 96, ""oich"": 0}, {""ask"": 0, ""bid"": 0, ""oi"": 0, ""option_type"": ""CE"", ""strike_price"": 104, ""oich"": 0}, {""ask"": 0, ""bid"": 0, ""oi"": 0, ""option_type"": ""CE"", ""strike_price"": 106, ""oich"": 0}, {""ask"": 0, ""bid"": 0, ""oi"": 0, ""option_type"": ""CE"", ""strike_price"": 111, ""oich"": 0}, {""ask"": 0, ""bid"": 0, ""oi"": 0, ""option_type"": ""CE"", ""strike_price"": 116, ""oich"": 0}, {""ask"": 0, ""bid"": 0, ""oi"": 0, ""option_type"": ""CE"", ""strike_price"": 112, ""oich"": 0}, {""ask"": 0, ""bid"": 0, ""oi"": 0, ""option_type"": ""CE"", ""strike_price"": 110, ""oich"": 0}, {""ask"": 0, ""bid"": 0, ""oi"": 0, ""option_type"": ""PE"", ""strike_price"": 108, ""oich"": 0}, {""ask"": 0, ""bid"": 0, ""oi"": 0, ""option_type"": ""CE"", ""strike_price"": 99, ""oich"": 0}, {""ask"": 0, ""bid"": 0, ""oi"": 0, ""option_type"": ""PE"", ""strike_price"": 105, ""oich"": 0}, {""ask"": 0, ""bid"": 0, ""oi"": 0, ""option_type"": ""PE"", ""strike_price"": 118, ""oich"": 0}, {""ask"": 0, ""bid"": 0, ""oi"": 0, ""option_type"": ""CE"", ""strike_price"": 102, ""oich"": 0}, {""ask"": 0, ""bid"": 0, ""oi"": 0, ""option_type"": ""PE"", ""strike_price"": 91, ""oich"": 0}, {""ask"": 0, ""bid"": 0, ""oi"": 0, ""option_type"": ""PE"", ""strike_price"": 89, ""oich"": 0}, {""ask"": 0, ""bid"": 0, ""oi"": 0, ""option_type"": ""PE"", ""strike_price"": 86, ""oich"": 0}, {""ask"": 0, ""bid"": 0, ""oi"": 0, ""option_type"": ""CE"", ""strike_price"": 82, ""oich"": 0}, {""ask"": 0, ""bid"": 0, ""oi"": 0, ""option_type"": ""PE"", ""strike_price"": 100, ""oich"": 0}, {""ask"": 0, ""bid"": 0, ""oi"": 0, ""option_type"": ""PE"", ""strike_price"": 92, ""oich"": 0}, {""ask"": 0, ""bid"": 0, ""oi"": 0, ""option_type"": ""PE"", ""strike_price"": 97, ""oich"": 0}, {""ask"": 0, ""bid"": 0, ""oi"": 0, ""option_type"": ""PE"", ""strike_price"": 98, ""oich"": 0}, {""ask"": 0, ""bid"": 0, ""oi"": 0, ""option_type"": ""CE"", ""strike_price"": 101, ""oich"": 0}, {""ask"": 0, ""bid"": 0, ""oi"": 0, ""option_type"": ""PE"", ""strike_price"": 102, ""oich"": 0}, {""ask"": 0, ""bid"": 0, ""oi"": 0, ""option_type"": ""PE"", ""strike_price"": 103, ""oich"": 0}, {""ask"": 0, ""bid"": 0, ""oi"": 0, ""option_type"": ""PE"", ""strike_price"": 107, ""oich"": 0}, {""ask"": 0, ""bid"": 0, ""oi"": 0, ""option_type"": ""PE"", ""strike_price"": 114, ""oich"": 0}]",40000,2026-01-30
49000,,,"[{""ask"": 0, ""bid"": 0, ""oi"": 0, ""option_type"": ""CE"", ""strike_price"": 87, ""oich"": 0}, {""ask"": 0, ""bid"": 0, ""oi"": 0, ""option_type"": ""CE"", ""strike_price"": 80, ""oich"": 0}, {""ask"": 0, ""bid"": 0, ""oi"": 0, ""option_type"": ""PE"", ""strike_price"": 111, ""oich"": 0}, {""ask"": 0, ""bid"": 0, ""oi"": 1000, ""option_type"": ""CE"", ""strike_price"": 97, ""oich"": 1000}, {""ask"": 0, ""bid"": 0, ""oi"": 0, ""option_type"": ""CE"", ""strike_price"": 95, ""oich"": 0}, {""ask"": 0, ""bid"": 0, ""oi"": 0, ""option_type"": ""PE"", ""strike_price"": 87, ""oich"": 0}, {""ask"": 0, ""bid"": 0, ""oi"": 2000, ""option_type"": ""PE"", ""strike_price"": 120, ""oich"": 0}, {""ask"": 0, ""bid"": 0, ""oi"": 0, ""option_type"": ""PE"", ""strike_price"": 99, ""oich"": 0}, {""ask"": 0, ""bid"": 0, ""oi"": 1000, ""option_type"": ""PE"", ""strike_price"": 95, ""oich"": 1000}, {""ask"": 0, ""bid"": 0, ""oi"": 0, ""option_type"": ""CE"", ""strike_price"": 90, ""oich"": 0}, {""ask"": 0, ""bid"": 0, ""oi"": 8000, ""option_type"": ""PE"", ""strike_price"": 80, ""oich"": 8000}, {""ask"": 0, ""bid"": 0, ""oi"": 0, ""option_type"": ""PE"", ""strike_price"": 101, ""oich"": 0}, {""ask"": 0, ""bid"": 0, ""oi"": 0, ""option_type"": ""PE"", ""strike_price"": 104, ""oich"": 0}, {""ask"": 0, ""bid"": 0, ""oi"": 0, ""option_type"": ""CE"", ""strike_price"": 105, ""oich"": 0}, {""ask"": 0, ""bid"": 0, ""oi"": 0, ""option_type"": ""CE"", ""strike_price"": 109, ""oich"": 0}, {""ask"": 0, ""bid"": 0, ""oi"": 0, ""option_type"": ""PE"", ""strike_price"": 116, ""oich"": 0}, {""ask"": 0, ""bid"": 0, ""oi"": 0, ""option_type"": ""PE"", ""strike_price"": 88, ""oich"": 0}, {""ask"": 0, ""bid"": 0, ""oi"": 0, ""option_type"": ""CE"", ""strike_price"": 89, ""oich"": 0}, {""ask"": 0, ""bid"": 0, ""oi"": 0, ""option_type"": ""PE"", ""strike_price"": 106, ""oich"": 0}, {""ask"": 0, ""bid"": 0, ""oi"": 3000, ""option_type"": ""PE"", ""strike_price"": 110, ""oich"": 3000}, {""ask"": 0, ""bid"": 0, ""oi"": 0, ""option_type"": ""PE"", ""strike_price"": 115, ""oich"": 0}, {""ask"": 0, ""bid"": 0, ""oi"": 0, ""option_type"": ""CE"", ""strike_price"": 82, ""oich"": 0}, {""ask"": 0, ""bid"": 0, ""oi"": 0, ""option_type"": ""PE"", ""strike_price"": 86, ""oich"": 0}, {""ask"": 0, ""bid"": 0, ""oi"": 0, ""option_type"": ""PE"", ""strike_price"": 89, ""oich"": 0}, {""ask"": 0, ""bid"": 0, ""oi"": 0, ""option_type"": ""PE"", ""strike_price"": 91, ""oich"": 0}, {""ask"": 0, ""bid"": 0, ""oi"": 0, ""option_type"": ""PE"", ""strike_price"": 118, ""oich"": 0}, {""ask"": 0, ""bid"": 0, ""oi"": 0, ""option_type"": ""CE"", ""strike_price"": 113, ""oich"": 0}, {""ask"": 0, ""bid"": 0, ""oi"": 0, ""option_type"": ""PE"", ""strike_price"": 105, ""oich"": 0}, {""ask"": 0, ""bid"": 0, ""oi"": 0, ""option_type"": ""CE"", ""strike_price"": 102, ""oich"": 0}, {""ask"": 0, ""bid"": 0, ""oi"": 0, ""option_type"": ""PE"", ""strike_price"": 82, ""oich"": 0}, {""ask"": 0, ""bid"": 0, ""oi"": 0, ""option_type"": ""CE"", ""strike_price"": 84, ""oich"": 0}, {""ask"": 0, ""bid"": 0, ""oi"": 0, ""option_type"": ""PE"", ""strike_price"": 94, ""oich"": 0}, {""ask"": 0, ""bid"": 0, ""oi"": 0, ""option_type"": ""PE"", ""strike_price"": 96, ""oich"": 0}, {""ask"": 0, ""bid"": 0, ""oi"": 0, ""option_type"": ""CE"", ""strike_price"": 104, ""oich"": 0}, {""ask"": 0, ""bid"": 0, ""oi"": 0, ""option_type"": ""CE"", ""strike_price"": 106, ""oich"": 0}, {""ask"": 0, ""bid"": 0, ""oi"": 0, ""option_type"": ""CE"", ""strike_price"": 111, ""oich"": 0}, {""ask"": 0, ""bid"": 0, ""oi"": 0, ""option_type"": ""CE"", ""strike_price"": 116, ""oich"": 0}, {""ask"": 0, ""bid"": 0, ""oi"": 0, ""option_type"": ""CE"", ""strike_price"": 117, ""oich"": 0}, {""ask"": 0, ""bid"": 0, ""oi"": 0, ""option_type"": ""PE"", ""strike_price"": 79, ""oich"": 0}, {""ask"": 0, ""bid"": 0, ""oi"": 0, ""option_type"": ""CE"", ""strike_price"": 101, ""oich"": 0}, {""ask"": 0, ""bid"": 0, ""oi"": 0, ""option_type"": ""PE"", ""strike_price"": 100, ""oich"": 0}, {""ask"": 0, ""bid"": 0, ""oi"": 0, ""option_type"": ""PE"", ""strike_price"": 98, ""oich"": 0}, {""ask"": 0, ""bid"": 0, ""oi"": 0, ""option_type"": ""PE"", ""strike_price"": 97, ""oich"": 0}, {""ask"": 0, ""bid"": 0, ""oi"": 0, ""option_type"": ""PE"", ""strike_price"": 92, ""oich"": 0}, {""ask"": 0, ""bid"": 0, ""oi"": 0, ""option_type"": ""PE"", ""strike_price"": 114, ""oich"": 0}, {""ask"": 0, ""bid"": 0, ""oi"": 0, ""option_type"": ""PE"", ""strike_price"": 107, ""oich"": 0}, {""ask"": 0, ""bid"": 0, ""oi"": 0, ""option_type"": ""PE"", ""strike_price"": 103, ""oich"": 0}, {""ask"": 0, ""bid"": 0, ""oi"": 0, ""option_type"": ""PE"", ""strike_price"": 102, ""oich"": 0}, {""ask"": 0, ""bid"": 0, ""oi"": 0, ""option_type"": ""CE"", ""strike_price"": 92, ""oich"": 0}, {""ask"": 0, ""bid"": 0, ""oi"": 0, ""option_type"": ""PE"", ""strike_price"": 93, ""oich"": 0}, {""ask"": 0, ""bid"": 0, ""oi"": 0, ""option_type"": ""CE"", ""strike_price"": 103, ""oich"": 0}, {""ask"": 0, ""bid"": 0, ""oi"": 0, ""option_type"": ""CE"", ""strike_price"": 115, ""oich"": 0}, {""ask"": 0, ""bid"": 0, ""oi"": 0, ""option_type"": ""CE"", ""strike_price"": 78, ""oich"": 0}, {""ask"": 0, ""bid"": 0, ""oi"": 0, ""option_type"": ""PE"", ""strike_price"": 83, ""oich"": 0}, {""ask"": 0, ""bid"": 0, ""oi"": 0, ""option_type"": ""CE"", ""strike_price"": 86, ""oich"": 0}, {""ask"": 0, ""bid"": 0, ""oi"": 0, ""option_type"": ""CE"", ""strike_price"": 91, ""oich"": 0}, {""ask"": 0, ""bid"": 0, ""oi"": 0, ""option_type"": ""CE"", ""strike_price"": 94, ""oich"": 0}, {""ask"": 0, ""bid"": 0, ""oi"": 0, ""option_type"": ""CE"", ""strike_price"": 81, ""oich"": 0}, {""ask"": 0, ""bid"": 0, ""oi"": 0, ""option_type"": ""PE"", ""strike_price"": 112, ""oich"": 0}, {""ask"": 0, ""bid"": 0, ""oi"": 0, ""option_type"": ""CE"", ""strike_price"": 98, ""oich"": 0}, {""ask"": 0, ""bid"": 0, ""oi"": 15000, ""option_type"": ""CE"", ""strike_price"": 118, ""oich"": 15000}, {""ask"": 0, ""bid"": 0, ""oi"": 0, ""option_type"": ""PE"", ""strike_price"": 117, ""oich"": 0}, {""ask"": 0, ""bid"": 0, ""oi"": 16000, ""option_type"": ""CE"", ""strike_price"": 100, ""oich"": 4000}, {""ask"": 0, ""bid"": 0, ""oi"": 0, ""option_type"": ""CE"", ""strike_price"": 88, ""oich"": 0}, {""ask"": 0, ""bid"": 0, ""oi"": 0, ""option_type"": ""PE"", ""strike_price"": 85, ""oich"": 0}, {""ask"": 0, ""bid"": 0, ""oi"": 0, ""option_type"": ""PE"", ""strike_price"": 113, ""oich"": 0}, {""ask"": 0, ""bid"": 0, ""oi"": 0, ""option_type"": ""CE"", ""strike_price"": 112, ""oich"": 0}, {""ask"": 0, ""bid"": 0, ""oi"": 17000, ""option_type"": ""CE"", ""strike_price"": 110, ""oich"": 17000}, {""ask"": 0, ""bid"": 0, ""oi"": 0, ""option_type"": ""PE"", ""strike_price"": 108, ""oich"": 0}, {""ask"": 0, ""bid"": 0, ""oi"": 0, ""option_type"": ""CE"", ""strike_price"": 99, ""oich"": 0}, {""ask"": 0, ""bid"": 0, ""oi"": 0, ""option_type"": ""CE"", ""strike_price"": 85, ""oich"": 0}, {""ask"": 0, ""bid"": 0, ""oi"": 0, ""option_type"": ""PE"", ""strike_price"": 81, ""oich"": 0}, {""ask"": 0, ""bid"": 0, ""oi"": 0, ""option_type"": ""PE"", ""strike_price"": 78, ""oich"": 0}, {""ask"": 0, ""bid"": 0, ""oi"": 0, ""option_type"": ""CE"", ""strike_price"": 83, ""oich"": 0}, {""ask"": 0, ""bid"": 0, ""oi"": 0, ""option_type"": ""CE"", ""strike_price"": 107, ""oich"": 0}, {""ask"": 0, ""bid"": 0, ""oi"": 0, ""option_type"": ""CE"", ""strike_price"": 96, ""oich"": 0}, {""ask"": 0, ""bid"": 0, ""oi"": 0, ""option_type"": ""CE"", ""strike_price"": 93, ""oich"": 0}, {""ask"": 0, ""bid"": 0, ""oi"": 0, ""option_type"": ""PE"", ""strike_price"": 109, ""oich"": 0}, {""ask"": 0, ""bid"": 0, ""oi"": 0, ""option_type"": ""CE"", ""strike_price"": 108, ""oich"": 0}, {""ask"": 0, ""bid"": 0, ""oi"": 0, ""option_type"": ""CE"", ""strike_price"": 79, ""oich"": 0}, {""ask"": 0, ""bid"": 0, ""oi"": 0, ""option_type"": ""PE"", ""strike_price"": 84, ""oich"": 0}, {""ask"": 0, ""bid"": 0, ""oi"": 38000, ""option_type"": ""PE"", ""strike_price"": 90, ""oich"": 0}, {""ask"": 0, ""bid"": 0, ""oi"": 0, ""option_type"": ""CE"", ""strike_price"": 114, ""oich"": 0}]",52000,2026-02-04
56000,,,"[{""ask"": 0, ""bid"": 0, ""oi"": 0, ""option_type"": ""PE"", ""strike_price"": 117, ""oich"": 0}, {""ask"": 0, ""bid"": 0, ""oi"": 0, ""option_type"": ""PE"", ""strike_price"": 85, ""oich"": 0}, {""ask"": 0, ""bid"": 0, ""oi"": 0, ""option_type"": ""CE"", ""strike_price"": 88, ""oich"": 0}, {""ask"": 0, ""bid"": 0, ""oi"": 16000, ""option_type"": ""CE"", ""strike_price"": 100, ""oich"": 0}, {""ask"": 0, ""bid"": 0, ""oi"": 15000, ""option_type"": ""CE"", ""strike_price"": 118, ""oich"": 0}, {""ask"": 0, ""bid"": 0, ""oi"": 0, ""option_type"": ""PE"", ""strike_price"": 113, ""oich"": 0}, {""ask"": 0, ""bid"": 0, ""oi"": 0, ""option_type"": ""CE"", ""strike_price"": 112, ""oich"": 0}, {""ask"": 0, ""bid"": 0, ""oi"": 21000, ""option_type"": ""CE"", ""strike_price"": 110, ""oich"": 4000}, {""ask"": 0, ""bid"": 0, ""oi"": 0, ""option_type"": ""PE"", ""strike_price"": 108, ""oich"": 0}, {""ask"": 0, ""bid"": 0, ""oi"": 0, ""option_type"": ""CE"", ""strike_price"": 99, ""oich"": 0}, {""ask"": 0, ""bid"": 0, ""oi"": 0, ""option_type"": ""CE"", ""strike_price"": 85, ""oich"": 0}, {""ask"": 0, ""bid"": 0, ""oi"": 0, ""option_type"": ""CE"", ""strike_price"": 83, ""oich"": 0}, {""ask"": 0, ""bid"": 0, ""oi"": 0, ""option_type"": ""PE"", ""strike_price"": 81, ""oich"": 0}, {""ask"": 0, ""bid"": 0, ""oi"": 0, ""option_type"": ""PE"", ""strike_price"": 78, ""oich"": 0}, {""ask"": 0, ""bid"": 0, ""oi"": 0, ""option_type"": ""CE"", ""strike_price"": 79, ""oich"": 0}, {""ask"": 0, ""bid"": 0, ""oi"": 0, ""option_type"": ""PE"", ""strike_price"": 84, ""oich"": 0}, {""ask"": 0, ""bid"": 0, ""oi"": 39000, ""option_type"": ""PE"", ""strike_price"": 90, ""oich"": 1000}, {""ask"": 0, ""bid"": 0, ""oi"": 0, ""option_type"": ""CE"", ""strike_price"": 114, ""oich"": 0}, {""ask"": 0, ""bid"": 0, ""oi"": 0, ""option_type"": ""PE"", ""strike_price"": 122, ""oich"": 0}, {""ask"": 0, ""bid"": 0, ""oi"": 0, ""option_type"": ""CE"", ""strike_price"": 81, ""oich"": 0}, {""ask"": 0, ""bid"": 0, ""oi"": 0, ""option_type"": ""PE"", ""strike_price"": 112, ""oich"": 0}, {""ask"": 0, ""bid"": 0, ""oi"": 0, ""option_type"": ""CE"", ""strike_price"": 98, ""oich"": 0}, {""ask"": 0, ""bid"": 0, ""oi"": 0, ""option_type"": ""CE"", ""strike_price"": 94, ""oich"": 0}, {""ask"": 0, ""bid"": 0, ""oi"": 0, ""option_type"": ""PE"", ""strike_price"": 115, ""oich"": 0}, {""ask"": 0, ""bid"": 0, ""oi"": 3000, ""option_type"": ""PE"", ""strike_price"": 110, ""oich"": 0}, {""ask"": 0, ""bid"": 0, ""oi"": 0, ""option_type"": ""PE"", ""strike_price"": 106, ""oich"": 0}, {""ask"": 0, ""bid"": 0, ""oi"": 0, ""option_type"": ""CE"", ""strike_price"": 89, ""oich"": 0}, {""ask"": 0, ""bid"": 0, ""oi"": 0, ""option_type"": ""PE"", ""strike_price"": 88, ""oich"": 0}, {""ask"": 0, ""bid"": 0, ""oi"": 8000, ""option_type"": ""PE"", ""strike_price"": 80, ""oich"": 0}, {""ask"": 0, ""bid"": 0, ""oi"": 0, ""option_type"": ""CE"", ""strike_price"": 90, ""oich"": 0}, {""ask"": 0, ""bid"": 0, ""oi"": 1000, ""option_type"": ""PE"", ""strike_price"": 95, ""oich"": 0}, {""ask"": 0, ""bid"": 0, ""oi"": 2000, ""option_type"": ""PE"", ""strike_price"": 120, ""oich"": 0}, {""ask"": 0, ""bid"": 0, ""oi"": 0, ""option_type"": ""PE"", ""strike_price"": 116, ""oich"": 0}, {""ask"": 0, ""bid"": 0, ""oi"": 2000, ""option_type"": ""CE"", ""strike_price"": 109, ""oich"": 2000}, {""ask"": 0, ""bid"": 0, ""oi"": 2000, ""option_type"": ""CE"", ""strike_price"": 105, ""oich"": 2000}, {""ask"": 0, ""bid"": 0, ""oi"": 0, ""option_type"": ""PE"", ""strike_price"": 104, ""oich"": 0}, {""ask"": 0, ""bid"": 0, ""oi"": 0, ""option_type"": ""PE"", ""strike_price"": 101, ""oich"": 0}, {""ask"": 0, ""bid"": 0, ""oi"": 0, ""option_type"": ""PE"", ""strike_price"": 99, ""oich"": 0}, {""ask"": 0, ""bid"": 0, ""oi"": 0, ""option_type"": ""PE"", ""strike_price"": 94, ""oich"": 0}, {""ask"": 0, ""bid"": 0, ""oi"": 0, ""option_type"": ""PE"", ""strike_price"": 96, ""oich"": 0}, {""ask"": 0, ""bid"": 0, ""oi"": 0, ""option_type"": ""CE"", ""strike_price"": 104, ""oich"": 0}, {""ask"": 0, ""bid"": 0, ""oi"": 0, ""option_type"": ""CE"", ""strike_price"": 106, ""oich"": 0}, {""ask"": 0, ""bid"": 0, ""oi"": 0, ""option_type"": ""CE"", ""strike_price"": 111, ""oich"": 0}, {""ask"": 0, ""bid"": 0, ""oi"": 0, ""option_type"": ""CE"", ""strike_price"": 116, ""oich"": 0}, {""ask"": 0, ""bid"": 0, ""oi"": 0, ""option_type"": ""CE"", ""strike_price"": 117, ""oich"": 0}, {""ask"": 0, ""bid"": 0, ""oi"": 0, ""option_type"": ""PE"", ""strike_price"": 79, ""oich"": 0}, {""ask"": 0, ""bid"": 0, ""oi"": 15000, ""option_type"": ""PE"", ""strike_price"": 82, ""oich"": 15000}, {""ask"": 0, ""bid"": 0, ""oi"": 0, ""option_type"": ""CE"", ""strike_price"": 84, ""oich"": 0}, {""ask"": 0, ""bid"": 0, ""oi"": 0, ""option_type"": ""PE"", ""strike_price"": 97, ""oich"": 0}, {""ask"": 0, ""bid"": 0, ""oi"": 0, ""option_type"": ""PE"", ""strike_price"": 98, ""oich"": 0}, {""ask"": 0, ""bid"": 0, ""oi"": 0, ""option_type"": ""PE"", ""strike_price"": 100, ""oich"": 0}, {""ask"": 0, ""bid"": 0, ""oi"": 0, ""option_type"": ""CE"", ""strike_price"": 101, ""oich"": 0}, {""ask"": 0, ""bid"": 0, ""oi"": 0, ""option_type"": ""PE"", ""strike_price"": 102, ""oich"": 0}, {""ask"": 0, ""bid"": 0, ""oi"": 0, ""option_type"": ""PE"", ""strike_price"": 103, ""oich"": 0}, {""ask"": 0, ""bid"": 0, ""oi"": 0, ""option_type"": ""PE"", ""strike_price"": 107, ""oich"": 0}, {""ask"": 0, ""bid"": 0, ""oi"": 0, ""option_type"": ""PE"", ""strike_price"": 114, ""oich"": 0}, {""ask"": 0, ""bid"": 0, ""oi"": 0, ""option_type"": ""CE"", ""strike_price"": 122, ""oich"": 0}, {""ask"": 0, ""bid"": 0, ""oi"": 0, ""option_type"": ""PE"", ""strike_price"": 92, ""oich"": 0}, {""ask"": 0, ""bid"": 0, ""oi"": 0, ""option_type"": ""CE"", ""strike_price"": 93, ""oich"": 0}, {""ask"": 0, ""bid"": 0, ""oi"": 0, ""option_type"": ""PE"", ""strike_price"": 109, ""oich"": 0}, {""ask"": 0, ""bid"": 0, ""oi"": 0, ""option_type"": ""CE"", ""strike_price"": 108, ""oich"": 0}, {""ask"": 0, ""bid"": 0, ""oi"": 0, ""option_type"": ""CE"", ""strike_price"": 107, ""oich"": 0}, {""ask"": 0, ""bid"": 0, ""oi"": 0, ""option_type"": ""CE"", ""strike_price"": 96, ""oich"": 0}, {""ask"": 0, ""bid"": 0, ""oi"": 0, ""option_type"": ""CE"", ""strike_price"": 86, ""oich"": 0}, {""ask"": 0, ""bid"": 0, ""oi"": 0, ""option_type"": ""PE"", ""strike_price"": 83, ""oich"": 0}, {""ask"": 0, ""bid"": 0, ""oi"": 0, ""option_type"": ""CE"", ""strike_price"": 91, ""oich"": 0}, {""ask"": 0, ""bid"": 0, ""oi"": 0, ""option_type"": ""CE"", ""strike_price"": 92, ""oich"": 0}, {""ask"": 0, ""bid"": 0, ""oi"": 0, ""option_type"": ""PE"", ""strike_price"": 93, ""oich"": 0}, {""ask"": 0, ""bid"": 0, ""oi"": 0, ""option_type"": ""CE"", ""strike_price"": 103, ""oich"": 0}, {""ask"": 0, ""bid"": 0, ""oi"": 0, ""option_type"": ""CE"", ""strike_price"": 115, ""oich"": 0}, {""ask"": 0, ""bid"": 0, ""oi"": 0, ""option_type"": ""CE"", ""strike_price"": 78, ""oich"": 0}, {""ask"": 0, ""bid"": 0, ""oi"": 0, ""option_type"": ""PE"", ""strike_price"": 86, ""oich"": 0}, {""ask"": 0, ""bid"": 0, ""oi"": 0, ""option_type"": ""CE"", ""strike_price"": 82, ""oich"": 0}, {""ask"": 0, ""bid"": 0, ""oi"": 0, ""option_type"": ""PE"", ""strike_price"": 91, ""oich"": 0}, {""ask"": 0, ""bid"": 0, ""oi"": 0, ""option_type"": ""CE"", ""strike_price"": 120, ""oich"": 0}, {""ask"": 0, ""bid"": 0, ""oi"": 0, ""option_type"": ""PE"", ""strike_price"": 118, ""oich"": 0}, {""ask"": 0, ""bid"": 0, ""oi"": 0, ""option_type"": ""CE"", ""strike_price"": 113, ""oich"": 0}, {""ask"": 0, ""bid"": 0, ""oi"": 0, ""option_type"": ""PE"", ""strike_price"": 105, ""oich"": 0}, {""ask"": 0, ""bid"": 0, ""oi"": 0, ""option_type"": ""CE"", ""strike_price"": 102, ""oich"": 0}, {""ask"": 0, ""bid"": 0, ""oi"": 0, ""option_type"": ""PE"", ""strike_price"": 89, ""oich"": 0}, {""ask"": 0, ""bid"": 0, ""oi"": 0, ""option_type"": ""PE"", ""strike_price"": 111, ""oich"": 0}, {""ask"": 0, ""bid"": 0, ""oi"": 0, ""option_type"": ""CE"", ""strike_price"": 97, ""oich"": -1000}, {""ask"": 0, ""bid"": 0, ""oi"": 0, ""option_type"": ""CE"", ""strike_price"": 95, ""oich"": 0}, {""ask"": 0, ""bid"": 0, ""oi"": 0, ""option_type"": ""PE"", ""strike_price"": 87, ""oich"": 0}, {""ask"": 0, ""bid"": 0, ""oi"": 0, ""option_type"": ""CE"", ""strike_price"": 87, ""oich"": 0}, {""ask"": 0, ""bid"": 0, ""oi"": 0, ""option_type"": ""CE"", ""strike_price"": 80, ""oich"": 0}]",68000,2026-02-05
94000,,,"[{""ask"": 0, ""bid"": 0, ""oi"": 8000, ""option_type"": ""PE"", ""strike_price"": 80, ""oich"": 0}, {""ask"": 0, ""bid"": 0, ""oi"": 0, ""option_type"": ""CE"", ""strike_price"": 90, ""oich"": 0}, {""ask"": 0, ""bid"": 0, ""oi"": 7000, ""option_type"": ""PE"", ""strike_price"": 95, ""oich"": 6000}, {""ask"": 0, ""bid"": 0, ""oi"": 0, ""option_type"": ""PE"", ""strike_price"": 99, ""oich"": 0}, {""ask"": 0, ""bid"": 0, ""oi"": 0, ""option_type"": ""PE"", ""strike_price"": 101, ""oich"": 0}, {""ask"": 0, ""bid"": 0, ""oi"": 0, ""option_type"": ""PE"", ""strike_price"": 104, ""oich"": 0}, {""ask"": 0, ""bid"": 0, ""oi"": 2000, ""option_type"": ""CE"", ""strike_price"": 105, ""oich"": 0}, {""ask"": 0, ""bid"": 0, ""oi"": 2000, ""option_type"": ""CE"", ""strike_price"": 109, ""oich"": 0}, {""ask"": 0, ""bid"": 0, ""oi"": 0, ""option_type"": ""PE"", ""strike_price"": 116, ""oich"": 0}, {""ask"": 0, ""bid"": 0, ""oi"": 2000, ""option_type"": ""PE"", ""strike_price"": 120, ""oich"": 0}, {""ask"": 0, ""bid"": 0, ""oi"": 0, ""option_type"": ""CE"", ""strike_price"": 81, ""oich"": 0}, {""ask"": 0, ""bid"": 0, ""oi"": 0, ""option_type"": ""CE"", ""strike_price"": 94, ""oich"": 0}, {""ask"": 0, ""bid"": 0, ""oi"": 0, ""option_type"": ""CE"", ""strike_price"": 98, ""oich"": 0}, {""ask"": 0, ""bid"": 0, ""oi"": 0, ""option_type"": ""PE"", ""strike_price"": 112, ""oich"": 0}, {""ask"": 0, ""bid"": 0, ""oi"": 0, ""option_type"": ""CE"", ""strike_price"": 122, ""oich"": 0}, {""ask"": 0, ""bid"": 0, ""oi"": 0, ""option_type"": ""PE"", ""strike_price"": 92, ""oich"": 0}, {""ask"": 0, ""bid"": 0, ""oi"": 0, ""option_type"": ""PE"", ""strike_price"": 102, ""oich"": 0}, {""ask"": 0, ""bid"": 0, ""oi"": 0, ""option_type"": ""CE"", ""strike_price"": 101, ""oich"": 0}, {""ask"": 0, ""bid"": 0, ""oi"": 0, ""option_type"": ""PE"", ""strike_price"": 100, ""oich"": 0}, {""ask"": 0, ""bid"": 0, ""oi"": 0, ""option_type"": ""PE"", ""strike_price"": 98, ""oich"": 0}, {""ask"": 0, ""bid"": 0, ""oi"": 0, ""option_type"": ""PE"", ""strike_price"": 97, ""oich"": 0}, {""ask"": 0, ""bid"": 0, ""oi"": 0, ""option_type"": ""PE"", ""strike_price"": 103, ""oich"": 0}, {""ask"": 0, ""bid"": 0, ""oi"": 0, ""option_type"": ""PE"", ""strike_price"": 107, ""oich"": 0}, {""ask"": 0, ""bid"": 0, ""oi"": 0, ""option_type"": ""PE"", ""strike_price"": 114, ""oich"": 0}, {""ask"": 0, ""bid"": 0, ""oi"": 0, ""option_type"": ""CE"", ""strike_price"": 107, ""oich"": 0}, {""ask"": 0, ""bid"": 0, ""oi"": 0, ""option_type"": ""CE"", ""strike_price"": 96, ""oich"": 0}, {""ask"": 0, ""bid"": 0, ""oi"": 0, ""option_type"": ""CE"", ""strike_price"": 93, ""oich"": 0}, {""ask"": 0, ""bid"": 0, ""oi"": 0, ""option_type"": ""PE"", ""strike_price"": 109, ""oich"": 0}, {""ask"": 0, ""bid"": 0, ""oi"": 0, ""option_type"": ""CE"", ""strike_price"": 108, ""oich"": 0}, {""ask"": 0, ""bid"": 0, ""oi"": 0, ""option_type"": ""CE"", ""strike_price"": 80, ""oich"": 0}, {""ask"": 0, ""bid"": 0, ""oi"": 0, ""option_type"": ""CE"", ""strike_price"": 87, ""oich"": 0}, {""ask"": 0, ""bid"": 0, ""oi"": 0, ""option_type"": ""PE"", ""strike_price"": 87, ""oich"": 0}, {""ask"": 0, ""bid"": 0, ""oi"": 0, ""option_type"": ""CE"", ""strike_price"": 95, ""oich"": 0}, {""ask"": 0, ""bid"": 0, ""oi"": 0, ""option_type"": ""CE"", ""strike_price"": 97, ""oich"": 0}, {""ask"": 0, ""bid"": 0, ""oi"": 0, ""option_type"": ""PE"", ""strike_price"": 111, ""oich"": 0}, {""ask"": 0, ""bid"": 0, ""oi"": 28000, ""option_type"": ""CE"", ""strike_price"": 118, ""oich"": 13000}, {""ask"": 0, ""bid"": 0, ""oi"": 0, ""option_type"": ""PE"", ""strike_price"": 117, ""oich"": 0}, {""ask"": 0, ""bid"": 0, ""oi"": 0, ""option_type"": ""CE"", ""strike_price"": 88, ""oich"": 0}, {""ask"": 0, ""bid"": 0, ""oi"": 18000, ""option_type"": ""CE"", ""strike_price"": 100, ""oich"": 2000}, {""ask"": 0, ""bid"": 0, ""oi"": 0, ""option_type"": ""PE"", ""strike_price"": 85, ""oich"": 0}, {""ask"": 0, ""bid"": 0, ""oi"": 0, ""option_type"": ""PE"", ""strike_price"": 79, ""oich"": 0}, {""ask"": 0, ""bid"": 0, ""oi"": 15000, ""option_type"": ""PE"", ""strike_price"": 82, ""oich"": 0}, {""ask"": 0, ""bid"": 0, ""oi"": 0, ""option_type"": ""CE"", ""strike_price"": 84, ""oich"": 0}, {""ask"": 0, ""bid"": 0, ""oi"": 0, ""option_type"": ""PE"", ""strike_price"": 94, ""oich"": 0}, {""ask"": 0, ""bid"": 0, ""oi"": 0, ""option_type"": ""PE"", ""strike_price"": 96, ""oich"": 0}, {""ask"": 0, ""bid"": 0, ""oi"": 0, ""option_type"": ""CE"", ""strike_price"": 104, ""oich"": 0}, {""ask"": 0, ""bid"": 0, ""oi"": 0, ""option_type"": ""CE"", ""strike_price"": 106, ""oich"": 0}, {""ask"": 0, ""bid"": 0, ""oi"": 0, ""option_type"": ""CE"", ""strike_price"": 111, ""oich"": 0}, {""ask"": 0, ""bid"": 0, ""oi"": 0, ""option_type"": ""CE"", ""strike_price"": 116, ""oich"": 0}, {""ask"": 0, ""bid"": 0, ""oi"": 0, ""option_type"": ""CE"", ""strike_price"": 117, ""oich"": 0}, {""ask"": 0, ""bid"": 0, ""oi"": 0, ""option_type"": ""CE"", ""strike_price"": 115, ""oich"": 0}, {""ask"": 0, ""bid"": 0, ""oi"": 0, ""option_type"": ""CE"", ""strike_price"": 103, ""oich"": 0}, {""ask"": 0, ""bid"": 0, ""oi"": 0, ""option_type"": ""PE"", ""strike_price"": 93, ""oich"": 0}, {""ask"": 0, ""bid"": 0, ""oi"": 0, ""option_type"": ""CE"", ""strike_price"": 92, ""oich"": 0}, {""ask"": 0, ""bid"": 0, ""oi"": 0, ""option_type"": ""CE"", ""strike_price"": 91, ""oich"": 0}, {""ask"": 0, ""bid"": 0, ""oi"": 0, ""option_type"": ""CE"", ""strike_price"": 86, ""oich"": 0}, {""ask"": 0, ""bid"": 0, ""oi"": 0, ""option_type"": ""PE"", ""strike_price"": 83, ""oich"": 0}, {""ask"": 0, ""bid"": 0, ""oi"": 0, ""option_type"": ""CE"", ""strike_price"": 78, ""oich"": 0}, {""ask"": 0, ""bid"": 0, ""oi"": 0, ""option_type"": ""CE"", ""strike_price"": 89, ""oich"": 0}, {""ask"": 0, ""bid"": 0, ""oi"": 0, ""option_type"": ""PE"", ""strike_price"": 106, ""oich"": 0}, {""ask"": 0, ""bid"": 0, ""oi"": 3000, ""option_type"": ""PE"", ""strike_price"": 110, ""oich"": 0}, {""ask"": 0, ""bid"": 0, ""oi"": 0, ""option_type"": ""PE"", ""strike_price"": 115, ""oich"": 0}, {""ask"": 0, ""bid"": 0, ""oi"": 0, ""option_type"": ""PE"", ""strike_price"": 88, ""oich"": 0}, {""ask"": 0, ""bid"": 0, ""oi"": 0, ""option_type"": ""CE"", ""strike_price"": 82, ""oich"": 0}, {""ask"": 0, ""bid"": 0, ""oi"": 0, ""option_type"": ""PE"", ""strike_price"": 86, ""oich"": 0}, {""ask"": 0, ""bid"": 0, ""oi"": 0, ""option_type"": ""PE"", ""strike_price"": 89, ""oich"": 0}, {""ask"": 0, ""bid"": 0, ""oi"": 0, ""option_type"": ""PE"", ""strike_price"": 91, ""oich"": 0}, {""ask"": 0, ""bid"": 0, ""oi"": 0, ""option_type"": ""CE"", ""strike_price"": 102, ""oich"": 0}, {""ask"": 0, ""bid"": 0, ""oi"": 0, ""option_type"": ""PE"", ""strike_price"": 105, ""oich"": 0}, {""ask"": 0, ""bid"": 0, ""oi"": 0, ""option_type"": ""CE"", ""strike_price"": 113, ""oich"": 0}, {""ask"": 0, ""bid"": 0, ""oi"": 0, ""option_type"": ""PE"", ""strike_price"": 118, ""oich"": 0}, {""ask"": 0, ""bid"": 0, ""oi"": 18000, ""option_type"": ""CE"", ""strike_price"": 120, ""oich"": 18000}, {""ask"": 0, ""bid"": 0, ""oi"": 0, ""option_type"": ""CE"", ""strike_price"": 114, ""oich"": 0}, {""ask"": 0, ""bid"": 0, ""oi"": 0, ""option_type"": ""PE"", ""strike_price"": 122, ""oich"": 0}, {""ask"": 0, ""bid"": 0, ""oi"": 0, ""option_type"": ""CE"", ""strike_price"": 79, ""oich"": 0}, {""ask"": 0, ""bid"": 0, ""oi"": 0, ""option_type"": ""PE"", ""strike_price"": 84, ""oich"": 0}, {""ask"": 0, ""bid"": 0, ""oi"": 42000, ""option_type"": ""PE"", ""strike_price"": 90, ""oich"": 3000}, {""ask"": 0, ""bid"": 0, ""oi"": 26000, ""option_type"": ""CE"", ""strike_price"": 110, ""oich"": 5000}, {""ask"": 0, ""bid"": 0, ""oi"": 0, ""option_type"": ""PE"", ""strike_price"": 108, ""oich"": 0}, {""ask"": 0, ""bid"": 0, ""oi"": 0, ""option_type"": ""CE"", ""strike_price"": 99, ""oich"": 0}, {""ask"": 0, ""bid"": 0, ""oi"": 0, ""option_type"": ""CE"", ""strike_price"": 85, ""oich"": 0}, {""ask"": 0, ""bid"": 0, ""oi"": 0, ""option_type"": ""CE"", ""strike_price"": 83, ""oich"": 0}, {""ask"": 0, ""bid"": 0, ""oi"": 0, ""option_type"": ""PE"", ""strike_price"": 81, ""oich"": 0}, {""ask"": 0, ""bid"": 0, ""oi"": 0, ""option_type"": ""PE"", ""strike_price"": 78, ""oich"": 0}, {""ask"": 0, ""bid"": 0, ""oi"": 0, ""option_type"": ""PE"", ""strike_price"": 113, ""oich"": 0}, {""ask"": 0, ""bid"": 0, ""oi"": 0, ""option_type"": ""CE"", ""strike_price"": 112, ""oich"": 0}]",77000,2026-02-06
136000,,,"[{""ask"": 0, ""bid"": 0, ""oi"": 0, ""option_type"": ""PE"", ""strike_price"": 113, ""oich"": 0}, {""ask"": 0, ""bid"": 0, ""oi"": 38000, ""option_type"": ""CE"", ""strike_price"": 110, ""oich"": 12000}, {""ask"": 0, ""bid"": 0, ""oi"": 0, ""option_type"": ""CE"", ""strike_price"": 79, ""oich"": 0}, {""ask"": 0, ""bid"": 0, ""oi"": 0, ""option_type"": ""PE"", ""strike_price"": 84, ""oich"": 0}, {""ask"": 0, ""bid"": 0, ""oi"": 48000, ""option_type"": ""PE"", ""strike_price"": 90, ""oich"": 6000}, {""ask"": 0, ""bid"": 0, ""oi"": 0, ""option_type"": ""CE"", ""strike_price"": 114, ""oich"": 0}, {""ask"": 0, ""bid"": 0, ""oi"": 0, ""option_type"": ""PE"", ""strike_price"": 122, ""oich"": 0}, {""ask"": 0, ""bid"": 0, ""oi"": 0, ""option_type"": ""CE"", ""strike_price"": 80, ""oich"": 0}, {""ask"": 0, ""bid"": 0, ""oi"": 0, ""option_type"": ""CE"", ""strike_price"": 87, ""oich"": 0}, {""ask"": 0, ""bid"": 0, ""oi"": 0, ""option_type"": ""PE"", ""strike_price"": 87, ""oich"": 0}, {""ask"": 0, ""bid"": 0, ""oi"": 0, ""option_type"": ""CE"", ""strike_price"": 95, ""oich"": 0}, {""ask"": 0, ""bid"": 0, ""oi"": 0, ""option_type"": ""CE"", ""strike_price"": 97, ""oich"": 0}, {""ask"": 0, ""bid"": 0, ""oi"": 0, ""option_type"": ""PE"", ""strike_price"": 111, ""oich"": 0}, {""ask"": 0, ""bid"": 0, ""oi"": 0, ""option_type"": ""PE"", ""strike_price"": 117, ""oich"": 0}, {""ask"": 0, ""bid"": 0, ""oi"": 18000, ""option_type"": ""CE"", ""strike_price"": 100, ""oich"": 0}, {""ask"": 0, ""bid"": 0, ""oi"": 0, ""option_type"": ""CE"", ""strike_price"": 88, ""oich"": 0}, {""ask"": 0, ""bid"": 0, ""oi"": 0, ""option_type"": ""PE"", ""strike_price"": 85, ""oich"": 0}, {""ask"": 0, ""bid"": 0, ""oi"": 28000, ""option_type"": ""CE"", ""strike_price"": 118, ""oich"": 0}, {""ask"": 0, ""bid"": 0, ""oi"": 0, ""option_type"": ""CE"", ""strike_price"": 113, ""oich"": 0}, {""ask"": 0, ""bid"": 0, ""oi"": 0, ""option_type"": ""PE"", ""strike_price"": 118, ""oich"": 0}, {""ask"": 0, ""bid"": 0, ""oi"": 28000, ""option_type"": ""CE"", ""strike_price"": 120, ""oich"": 10000}, {""ask"": 0, ""bid"": 0, ""oi"": 0, ""option_type"": ""CE"", ""strike_price"": 82, ""oich"": 0}, {""ask"": 0, ""bid"": 0, ""oi"": 0, ""option_type"": ""PE"", ""strike_price"": 86, ""oich"": 0}, {""ask"": 0, ""bid"": 0, ""oi"": 0, ""option_type"": ""PE"", ""strike_price"": 89, ""oich"": 0}, {""ask"": 0, ""bid"": 0, ""oi"": 0, ""option_type"": ""PE"", ""strike_price"": 91, ""oich"": 0}, {""ask"": 0, ""bid"": 0, ""oi"": 0, ""option_type"": ""CE"", ""strike_price"": 102, ""oich"": 0}, {""ask"": 0, ""bid"": 0, ""oi"": 3000, ""option_type"": ""PE"", ""strike_price"": 105, ""oich"": 3000}, {""ask"": 0, ""bid"": 0, ""oi"": 0, ""option_type"": ""PE"", ""strike_price"": 115, ""oich"": 0}, {""ask"": 0, ""bid"": 0, ""oi"": 3000, ""option_type"": ""PE"", ""strike_price"": 110, ""oich"": 0}, {""ask"": 0, ""bid"": 0, ""oi"": 0, ""option_type"": ""PE"", ""strike_price"": 106, ""oich"": 0}, {""ask"": 0, ""bid"": 0, ""oi"": 0, ""option_type"": ""CE"", ""strike_price"": 89, ""oich"": 0}, {""ask"": 0, ""bid"": 0, ""oi"": 0, ""option_type"": ""PE"", ""strike_price"": 88, ""oich"": 0}, {""ask"": 0, ""bid"": 0, ""oi"": 0, ""option_type"": ""PE"", ""strike_price"": 109, ""oich"": 0}, {""ask"": 0, ""bid"": 0, ""oi"": 0, ""option_type"": ""CE"", ""strike_price"": 93, ""oich"": 0}, {""ask"": 0, ""bid"": 0, ""oi"": 0, ""option_type"": ""CE"", ""strike_price"": 96, ""oich"": 0}, {""ask"": 0, ""bid"": 0, ""oi"": 0, ""option_type"": ""CE"", ""strike_price"": 107, ""oich"": 0}, {""ask"": 0, ""bid"": 0, ""oi"": 0, ""option_type"": ""CE"", ""strike_price"": 108, ""oich"": 0}, {""ask"": 0, ""bid"": 0, ""oi"": 0, ""option_type"": ""CE"", ""strike_price"": 122, ""oich"": 0}, {""ask"": 0, ""bid"": 0, ""oi"": 0, ""option_type"": ""PE"", ""strike_price"": 114, ""oich"": 0}, {""ask"": 0, ""bid"": 0, ""oi"": 0, ""option_type"": ""PE"", ""strike_price"": 107, ""oich"": 0}, {""ask"": 0, ""bid"": 0, ""oi"": 0, ""option_type"": ""PE"", ""strike_price"": 103, ""oich"": 0}, {""ask"": 0, ""bid"": 0, ""oi"": 0, ""option_type"": ""CE"", ""strike_price"": 101, ""oich"": 0}, {""ask"": 0, ""bid"": 0, ""oi"": 0, ""option_type"": ""PE"", ""strike_price"": 102, ""oich"": 0}, {""ask"": 0, ""bid"": 0, ""oi"": 0, ""option_type"": ""PE"", ""strike_price"": 92, ""oich"": 0}, {""ask"": 0, ""bid"": 0, ""oi"": 0, ""option_type"": ""PE"", ""strike_price"": 97, ""oich"": 0}, {""ask"": 0, ""bid"": 0, ""oi"": 0, ""option_type"": ""PE"", ""strike_price"": 100, ""oich"": 0}, {""ask"": 0, ""bid"": 0, ""oi"": 0, ""option_type"": ""PE"", ""strike_price"": 98, ""oich"": 0}, {""ask"": 0, ""bid"": 0, ""oi"": 0, ""option_type"": ""CE"", ""strike_price"": 106, ""oich"": 0}, {""ask"": 0, ""bid"": 0, ""oi"": 0, ""option_type"": ""CE"", ""strike_price"": 111, ""oich"": 0}, {""ask"": 0, ""bid"": 0, ""oi"": 0, ""option_type"": ""CE"", ""strike_price"": 116, ""oich"": 0}, {""ask"": 0, ""bid"": 0, ""oi"": 0, ""option_type"": ""CE"", ""strike_price"": 117, ""oich"": 0}, {""ask"": 0, ""bid"": 0, ""oi"": 0, ""option_type"": ""PE"", ""strike_price"": 79, ""oich"": 0}, {""ask"": 0, ""bid"": 0, ""oi"": 15000, ""option_type"": ""PE"", ""strike_price"": 82, ""oich"": 0}, {""ask"": 0, ""bid"": 0, ""oi"": 0, ""option_type"": ""CE"", ""strike_price"": 84, ""oich"": 0}, {""ask"": 0, ""bid"": 0, ""oi"": 0, ""option_type"": ""PE"", ""strike_price"": 94, ""oich"": 0}, {""ask"": 0, ""bid"": 0, ""oi"": 0, ""option_type"": ""PE"", ""strike_price"": 96, ""oich"": 0}, {""ask"": 0, ""bid"": 0, ""oi"": 0, ""option_type"": ""CE"", ""strike_price"": 104, ""oich"": 0}, {""ask"": 0, ""bid"": 0, ""oi"": 0, ""option_type"": ""PE"", ""strike_price"": 112, ""oich"": 0}, {""ask"": 0, ""bid"": 0, ""oi"": 0, ""option_type"": ""CE"", ""strike_price"": 98, ""oich"": 0}, {""ask"": 0, ""bid"": 0, ""oi"": 0, ""option_type"": ""CE"", ""strike_price"": 94, ""oich"": 0}, {""ask"": 0, ""bid"": 0, ""oi"": 0, ""option_type"": ""CE"", ""strike_price"": 81, ""oich"": 0}, {""ask"": 0, ""bid"": 0, ""oi"": 15000, ""option_type"": ""PE"", ""strike_price"": 80, ""oich"": 7000}, {""ask"": 0, ""bid"": 0, ""oi"": 10000, ""option_type"": ""CE"", ""strike_price"": 90, ""oich"": 10000}, {""ask"": 0, ""bid"": 0, ""oi"": 7000, ""option_type"": ""PE"", ""strike_price"": 95, ""oich"": 0}, {""ask"": 0, ""bid"": 0, ""oi"": 0, ""option_type"": ""PE"", ""strike_price"": 99, ""oich"": 0}, {""ask"": 0, ""bid"": 0, ""oi"": 0, ""option_type"": ""PE"", ""strike_price"": 101, ""oich"": 0}, {""ask"": 0, ""bid"": 0, ""oi"": 0, ""option_type"": ""PE"", ""strike_price"": 104, ""oich"": 0}, {""ask"": 0, ""bid"": 0, ""oi"": 12000, ""option_type"": ""CE"", ""strike_price"": 105, ""oich"": 10000}, {""ask"": 0, ""bid"": 0, ""oi"": 2000, ""option_type"": ""CE"", ""strike_price"": 109, ""oich"": 0}, {""ask"": 0, ""bid"": 0, ""oi"": 0, ""option_type"": ""PE"", ""strike_price"": 116, ""oich"": 0}, {""ask"": 0, ""bid"": 0, ""oi"": 6000, ""option_type"": ""PE"", ""strike_price"": 120, ""oich"": 4000}, {""ask"": 0, ""bid"": 0, ""oi"": 0, ""option_type"": ""CE"", ""strike_price"": 78, ""oich"": 0}, {""ask"": 0, ""bid"": 0, ""oi"": 0, ""option_type"": ""PE"", ""strike_price"": 83, ""oich"": 0}, {""ask"": 0, ""bid"": 0, ""oi"": 0, ""option_type"": ""CE"", ""strike_price"": 86, ""oich"": 0}, {""ask"": 0, ""bid"": 0, ""oi"": 0, ""option_type"": ""CE"", ""strike_price"": 91, ""oich"": 0}, {""ask"": 0, ""bid"": 0, ""oi"": 0, ""option_type"": ""CE"", ""strike_price"": 92, ""oich"": 0}, {""ask"": 0, ""bid"": 0, ""oi"": 0, ""option_type"": ""PE"", ""strike_price"": 93, ""oich"": 0}, {""ask"": 0, ""bid"": 0, ""oi"": 0, ""option_type"": ""CE"", ""strike_price"": 103, ""oich"": 0}, {""ask"": 0, ""bid"": 0, ""oi"": 0, ""option_type"": ""CE"", ""strike_price"": 115, ""oich"": 0}, {""ask"": 0, ""bid"": 0, ""oi"": 0, ""option_type"": ""PE"", ""strike_price"": 108, ""oich"": 0}, {""ask"": 0, ""bid"": 0, ""oi"": 0, ""option_type"": ""CE"", ""strike_price"": 99, ""oich"": 0}, {""ask"": 0, ""bid"": 0, ""oi"": 0, ""option_type"": ""CE"", ""strike_price"": 85, ""oich"": 0}, {""ask"": 0, ""bid"": 0, ""oi"": 0, ""option_type"": ""CE"", ""strike_price"": 83, ""oich"": 0}, {""ask"": 0, ""bid"": 0, ""oi"": 0, ""option_type"": ""PE"", ""strike_price"": 81, ""oich"": 0}, {""ask"": 0, ""bid"": 0, ""oi"": 0, ""option_type"": ""PE"", ""strike_price"": 78, ""oich"": 0}, {""ask"": 0, ""bid"": 0, ""oi"": 0, ""option_type"": ""CE"", ""strike_price"": 112, ""oich"": 0}]",97000,2026-02-09
153000,,,"[{""ask"": 0, ""bid"": 0, ""oi"": 0, ""option_type"": ""PE"", ""strike_price"": 114, ""oich"": 0}, {""ask"": 0, ""bid"": 0, ""oi"": 0, ""option_type"": ""PE"", ""strike_price"": 107, ""oich"": 0}, {""ask"": 0, ""bid"": 0, ""oi"": 0, ""option_type"": ""PE"", ""strike_price"": 103, ""oich"": 0}, {""ask"": 0, ""bid"": 0, ""oi"": 0, ""option_type"": ""PE"", ""strike_price"": 92, ""oich"": 0}, {""ask"": 0, ""bid"": 0, ""oi"": 0, ""option_type"": ""PE"", ""strike_price"": 97, ""oich"": 0}, {""ask"": 0, ""bid"": 0, ""oi"": 0, ""option_type"": ""PE"", ""strike_price"": 98, ""oich"": 0}, {""ask"": 0, ""bid"": 0, ""oi"": 0, ""option_type"": ""CE"", ""strike_price"": 80, ""oich"": 0}, {""ask"": 0, ""bid"": 0, ""oi"": 0, ""option_type"": ""CE"", ""strike_price"": 87, ""oich"": 0}, {""ask"": 0, ""bid"": 0, ""oi"": 0, ""option_type"": ""PE"", ""strike_price"": 87, ""oich"": 0}, {""ask"": 0, ""bid"": 0, ""oi"": 0, ""option_type"": ""CE"", ""strike_price"": 95, ""oich"": 0}, {""ask"": 0, ""bid"": 0, ""oi"": 0, ""option_type"": ""CE"", ""strike_price"": 97, ""oich"": 0}, {""ask"": 0, ""bid"": 0, ""oi"": 0, ""option_type"": ""PE"", ""strike_price"": 111, ""oich"": 0}, {""ask"": 0, ""bid"": 0, ""oi"": 0, ""option_type"": ""CE"", ""strike_price"": 79, ""oich"": 0}, {""ask"": 0, ""bid"": 0, ""oi"": 0, ""option_type"": ""PE"", ""strike_price"": 84, ""oich"": 0}, {""ask"": 0, ""bid"": 0, ""oi"": 26000, ""option_type"": ""PE"", ""strike_price"": 90, ""oich"": -22000}, {""ask"": 0, ""bid"": 0, ""oi"": 0, ""option_type"": ""CE"", ""strike_price"": 114, ""oich"": 0}, {""ask"": 0, ""bid"": 0, ""oi"": 0, ""option_type"": ""PE"", ""strike_price"": 122, ""oich"": 0}, {""ask"": 0, ""bid"": 0, ""oi"": 0, ""option_type"": ""CE"", ""strike_price"": 93, ""oich"": 0}, {""ask"": 0, ""bid"": 0, ""oi"": 0, ""option_type"": ""CE"", ""strike_price"": 96, ""oich"": 0}, {""ask"": 0, ""bid"": 0, ""oi"": 0, ""option_type"": ""CE"", ""strike_price"": 107, ""oich"": 0}, {""ask"": 0, ""bid"": 0, ""oi"": 0, ""option_type"": ""CE"", ""strike_price"": 108, ""oich"": 0}, {""ask"": 0, ""bid"": 0, ""oi"": 0, ""option_type"": ""PE"", ""strike_price"": 109, ""oich"": 0}, {""ask"": 0, ""bid"": 0, ""oi"": 0, ""option_type"": ""PE"", ""strike_price"": 85, ""oich"": 0}, {""ask"": 0, ""bid"": 0, ""oi"": 0, ""option_type"": ""CE"", ""strike_price"": 88, ""oich"": 0}, {""ask"": 0, ""bid"": 0, ""oi"": 18000, ""option_type"": ""CE"", ""strike_price"": 100, ""oich"": 0}, {""ask"": 0, ""bid"": 0, ""oi"": 0, ""option_type"": ""PE"", ""strike_price"": 117, ""oich"": 0}, {""ask"": 0, ""bid"": 0, ""oi"": 28000, ""option_type"": ""CE"", ""strike_price"": 118, ""oich"": 0}, {""ask"": 0, ""bid"": 0, ""oi"": 0, ""option_type"": ""CE"", ""strike_price"": 122, ""oich"": 0}, {""ask"": 0, ""bid"": 0, ""oi"": 1000, ""option_type"": ""CE"", ""strike_price"": 103, ""oich"": 1000}, {""ask"": 0, ""bid"": 0, ""oi"": 0, ""option_type"": ""PE"", ""strike_price"": 93, ""oich"": 0}, {""ask"": 0, ""bid"": 0, ""oi"": 0, ""option_type"": ""CE"", ""strike_price"": 91, ""oich"": 0}, {""ask"": 0, ""bid"": 0, ""oi"": 0, ""option_type"": ""CE"", ""strike_price"": 92, ""oich"": 0}, {""ask"": 0, ""bid"": 0, ""oi"": 0, ""option_type"": ""CE"", ""strike_price"": 86, ""oich"": 0}, {""ask"": 0, ""bid"": 0, ""oi"": 3000, ""option_type"": ""CE"", ""strike_price"": 115, ""oich"": 3000}, {""ask"": 0, ""bid"": 0, ""oi"": 0, ""option_type"": ""PE"", ""strike_price"": 83, ""oich"": 0}, {""ask"": 0, ""bid"": 0, ""oi"": 0, ""option_type"": ""CE"", ""strike_price"": 78, ""oich"": 0}, {""ask"": 0, ""bid"": 0, ""oi"": 0, ""option_type"": ""CE"", ""strike_price"": 117, ""oich"": 0}, {""ask"": 0, ""bid"": 0, ""oi"": 0, ""option_type"": ""CE"", ""strike_price"": 116, ""oich"": 0}, {""ask"": 0, ""bid"": 0, ""oi"": 0, ""option_type"": ""CE"", ""strike_price"": 111, ""oich"": 0}, {""ask"": 0, ""bid"": 0, ""oi"": 0, ""option_type"": ""CE"", ""strike_price"": 106, ""oich"": 0}, {""ask"": 0, ""bid"": 0, ""oi"": 0, ""option_type"": ""CE"", ""strike_price"": 104, ""oich"": 0}, {""ask"": 0, ""bid"": 0, ""oi"": 0, ""option_type"": ""PE"", ""strike_price"": 96, ""oich"": 0}, {""ask"": 0, ""bid"": 0, ""oi"": 0, ""option_type"": ""PE"", ""strike_price"": 94, ""oich"": 0}, {""ask"": 0, ""bid"": 0, ""oi"": 0, ""option_type"": ""CE"", ""strike_price"": 84, ""oich"": 0}, {""ask"": 0, ""bid"": 0, ""oi"": 31000, ""option_type"": ""PE"", ""strike_price"": 82, ""oich"": 16000}, {""ask"": 0, ""bid"": 0, ""oi"": 0, ""option_type"": ""PE"", ""strike_price"": 79, ""oich"": 0}, {""ask"": 0, ""bid"": 0, ""oi"": 0, ""option_type"": ""PE"", ""strike_price"": 78, ""oich"": 0}, {""ask"": 0, ""bid"": 0, ""oi"": 0, ""option_type"": ""PE"", ""strike_price"": 81, ""oich"": 0}, {""ask"": 0, ""bid"": 0, ""oi"": 0, ""option_type"": ""CE"", ""strike_price"": 83, ""oich"": 0}, {""ask"": 0, ""bid"": 0, ""oi"": 0, ""option_type"": ""CE"", ""strike_price"": 85, ""oich"": 0}, {""ask"": 0, ""bid"": 0, ""oi"": 0, ""option_type"": ""CE"", ""strike_price"": 99, ""oich"": 0}, {""ask"": 0, ""bid"": 0, ""oi"": 0, ""option_type"": ""PE"", ""strike_price"": 108, ""oich"": 0}, {""ask"": 0, ""bid"": 0, ""oi"": 40000, ""option_type"": ""CE"", ""strike_price"": 110, ""oich"": 2000}, {""ask"": 0, ""bid"": 0, ""oi"": 0, ""option_type"": ""CE"", ""strike_price"": 112, ""oich"": 0}, {""ask"": 0, ""bid"": 0, ""oi"": 0, ""option_type"": ""PE"", ""strike_price"": 113, ""oich"": 0}, {""ask"": 0, ""bid"": 0, ""oi"": 0, ""option_type"": ""CE"", ""strike_price"": 82, ""oich"": 0}, {""ask"": 0, ""bid"": 0, ""oi"": 0, ""option_type"": ""PE"", ""strike_price"": 86, ""oich"": 0}, {""ask"": 0, ""bid"": 0, ""oi"": 0, ""option_type"": ""PE"", ""strike_price"": 89, ""oich"": 0}, {""ask"": 0, ""bid"": 0, ""oi"": 0, ""option_type"": ""PE"", ""strike_price"": 91, ""oich"": 0}, {""ask"": 0, ""bid"": 0, ""oi"": 0, ""option_type"": ""CE"", ""strike_price"": 102, ""oich"": 0}, {""ask"": 0, ""bid"": 0, ""oi"": 3000, ""option_type"": ""PE"", ""strike_price"": 105, ""oich"": 0}, {""ask"": 0, ""bid"": 0, ""oi"": 0, ""option_type"": ""CE"", ""strike_price"": 113, ""oich"": 0}, {""ask"": 0, ""bid"": 0, ""oi"": 0, ""option_type"": ""PE"", ""strike_price"": 118, ""oich"": 0}, {""ask"": 0, ""bid"": 0, ""oi"": 28000, ""option_type"": ""CE"", ""strike_price"": 120, ""oich"": 0}, {""ask"": 0, ""bid"": 0, ""oi"": 0, ""option_type"": ""CE"", ""strike_price"": 94, ""oich"": 0}, {""ask"": 0, ""bid"": 0, ""oi"": 0, ""option_type"": ""CE"", ""strike_price"": 98, ""oich"": 0}, {""ask"": 0, ""bid"": 0, ""oi"": 0, ""option_type"": ""PE"", ""strike_price"": 112, ""oich"": 0}, {""ask"": 0, ""bid"": 0, ""oi"": 0, ""option_type"": ""CE"", ""strike_price"": 81, ""oich"": 0}, {""ask"": 0, ""bid"": 0, ""oi"": 0, ""option_type"": ""PE"", ""strike_price"": 116, ""oich"": 0}, {""ask"": 0, ""bid"": 0, ""oi"": 20000, ""option_type"": ""CE"", ""strike_price"": 105, ""oich"": 8000}, {""ask"": 0, ""bid"": 0, ""oi"": 4000, ""option_type"": ""CE"", ""strike_price"": 109, ""oich"": 2000}, {""ask"": 0, ""bid"": 0, ""oi"": 15000, ""option_type"": ""PE"", ""strike_price"": 80, ""oich"": 0}, {""ask"": 0, ""bid"": 0, ""oi"": 11000, ""option_type"": ""CE"", ""strike_price"": 90, ""oich"": 1000}, {""ask"": 0, ""bid"": 0, ""oi"": 8000, ""option_type"": ""PE"", ""strike_price"": 95, ""oich"": 1000}, {""ask"": 0, ""bid"": 0, ""oi"": 0, ""option_type"": ""PE"", ""strike_price"": 99, ""oich"": 0}, {""ask"": 0, ""bid"": 0, ""oi"": 0, ""option_type"": ""PE"", ""strike_price"": 101, ""oich"": 0}, {""ask"": 0, ""bid"": 0, ""oi"": 0, ""option_type"": ""PE"", ""strike_price"": 104, ""oich"": 0}, {""ask"": 0, ""bid"": 0, ""oi"": 6000, ""option_type"": ""PE"", ""strike_price"": 120, ""oich"": 0}, {""ask"": 0, ""bid"": 0, ""oi"": 0, ""option_type"": ""CE"", ""strike_price"": 89, ""oich"": 0}, {""ask"": 0, ""bid"": 0, ""oi"": 0, ""option_type"": ""PE"", ""strike_price"": 115, ""oich"": 0}, {""ask"": 0, ""bid"": 0, ""oi"": 3000, ""option_type"": ""PE"", ""strike_price"": 110, ""oich"": 0}, {""ask"": 0, ""bid"": 0, ""oi"": 0, ""option_type"": ""PE"", ""strike_price"": 106, ""oich"": 0}, {""ask"": 0, ""bid"": 0, ""oi"": 2000, ""option_type"": ""PE"", ""strike_price"": 88, ""oich"": 2000}, {""ask"": 0, ""bid"": 0, ""oi"": 4000, ""option_type"": ""PE"", ""strike_price"": 100, ""oich"": 4000}, {""ask"": 0, ""bid"": 0, ""oi"": 0, ""option_type"": ""CE"", ""strike_price"": 101, ""oich"": 0}, {""ask"": 0, ""bid"": 0, ""oi"": 0, ""option_type"": ""PE"", ""strike_price"": 102, ""oich"": 0}]",98000,2026-02-10
150000,,,"[{""ask"": 0, ""bid"": 0, ""oi"": 0, ""option_type"": ""CE"", ""strike_price"": 78, ""oich"": 0}, {""ask"": 0, ""bid"": 0, ""oi"": 0, ""option_type"": ""PE"", ""strike_price"": 83, ""oich"": 0}, {""ask"": 0, ""bid"": 0, ""oi"": 0, ""option_type"": ""CE"", ""strike_price"": 86, ""oich"": 0}, {""ask"": 0, ""bid"": 0, ""oi"": 0, ""option_type"": ""CE"", ""strike_price"": 91, ""oich"": 0}, {""ask"": 0, ""bid"": 0, ""oi"": 0, ""option_type"": ""CE"", ""strike_price"": 92, ""oich"": 0}, {""ask"": 0, ""bid"": 0, ""oi"": 0, ""option_type"": ""PE"", ""strike_price"": 93, ""oich"": 0}, {""ask"": 0, ""bid"": 0, ""oi"": 1000, ""option_type"": ""CE"", ""strike_price"": 103, ""oich"": 0}, {""ask"": 0, ""bid"": 0, ""oi"": 5000, ""option_type"": ""CE"", ""strike_price"": 115, ""oich"": 2000}, {""ask"": 0, ""bid"": 0, ""oi"": 0, ""option_type"": ""CE"", ""strike_price"": 122, ""oich"": 0}, {""ask"": 0, ""bid"": 0, ""oi"": 0, ""option_type"": ""PE"", ""strike_price"": 114, ""oich"": 0}, {""ask"": 0, ""bid"": 0, ""oi"": 0, ""option_type"": ""PE"", ""strike_price"": 107, ""oich"": 0}, {""ask"": 0, ""bid"": 0, ""oi"": 0, ""option_type"": ""PE"", ""strike_price"": 103, ""oich"": 0}, {""ask"": 0, ""bid"": 0, ""oi"": 0, ""option_type"": ""PE"", ""strike_price"": 102, ""oich"": 0}, {""ask"": 0, ""bid"": 0, ""oi"": 0, ""option_type"": ""CE"", ""strike_price"": 101, ""oich"": 0}, {""ask"": 0, ""bid"": 0, ""oi"": 5000, ""option_type"": ""PE"", ""strike_price"": 100, ""oich"": 1000}, {""ask"": 0, ""bid"": 0, ""oi"": 0, ""option_type"": ""PE"", ""strike_price"": 98, ""oich"": 0}, {""ask"": 0, ""bid"": 0, ""oi"": 0, ""option_type"": ""PE"", ""strike_price"": 97, ""oich"": 0}, {""ask"": 0, ""bid"": 0, ""oi"": 0, ""option_type"": ""PE"", ""strike_price"": 92, ""oich"": 0}, {""ask"": 0, ""bid"": 0, ""oi"": 0, ""option_type"": ""PE"", ""strike_price"": 85, ""oich"": 0}, {""ask"": 0, ""bid"": 0, ""oi"": 0, ""option_type"": ""CE"", ""strike_price"": 88, ""oich"": 0}, {""ask"": 0, ""bid"": 0, ""oi"": 18000, ""option_type"": ""CE"", ""strike_price"": 100, ""oich"": 0}, {""ask"": 0, ""bid"": 0, ""oi"": 0, ""option_type"": ""PE"", ""strike_price"": 117, ""oich"": 0}, {""ask"": 0, ""bid"": 0, ""oi"": 28000, ""option_type"": ""CE"", ""strike_price"": 118, ""oich"": 0}, {""ask"": 0, ""bid"": 0, ""oi"": 0, ""option_type"": ""PE"", ""strike_price"": 94, ""oich"": 0}, {""ask"": 0, ""bid"": 0, ""oi"": 0, ""option_type"": ""PE"", ""strike_price"": 96, ""oich"": 0}, {""ask"": 0, ""bid"": 0, ""oi"": 0, ""option_type"": ""CE"", ""strike_price"": 104, ""oich"": 0}, {""ask"": 0, ""bid"": 0, ""oi"": 0, ""option_type"": ""CE"", ""strike_price"": 106, ""oich"": 0}, {""ask"": 0, ""bid"": 0, ""oi"": 0, ""option_type"": ""CE"", ""strike_price"": 111, ""oich"": 0}, {""ask"": 0, ""bid"": 0, ""oi"": 0, ""option_type"": ""CE"", ""strike_price"": 116, ""oich"": 0}, {""ask"": 0, ""bid"": 0, ""oi"": 0, ""option_type"": ""CE"", ""strike_price"": 117, ""oich"": 0}, {""ask"": 0, ""bid"": 0, ""oi"": 0, ""option_type"": ""CE"", ""strike_price"": 84, ""oich"": 0}, {""ask"": 0, ""bid"": 0, ""oi"": 31000, ""option_type"": ""PE"", ""strike_price"": 82, ""oich"": 0}, {""ask"": 0, ""bid"": 0, ""oi"": 0, ""option_type"": ""PE"", ""strike_price"": 79, ""oich"": 0}, {""ask"": 0, ""bid"": 0, ""oi"": 0, ""option_type"": ""PE"", ""strike_price"": 115, ""oich"": 0}, {""ask"": 0, ""bid"": 0, ""oi"": 7000, ""option_type"": ""PE"", ""strike_price"": 110, ""oich"": 4000}, {""ask"": 0, ""bid"": 0, ""oi"": 0, ""option_type"": ""PE"", ""strike_price"": 106, ""oich"": 0}, {""ask"": 0, ""bid"": 0, ""oi"": 0, ""option_type"": ""CE"", ""strike_price"": 89, ""oich"": 0}, {""ask"": 0, ""bid"": 0, ""oi"": 27000, ""option_type"": ""CE"", ""strike_price"": 120, ""oich"": -1000}, {""ask"": 0, ""bid"": 0, ""oi"": 0, ""option_type"": ""PE"", ""strike_price"": 118, ""oich"": 0}, {""ask"": 0, ""bid"": 0, ""oi"": 0, ""option_type"": ""PE"", ""strike_price"": 89, ""oich"": 0}, {""ask"": 0, ""bid"": 0, ""oi"": 0, ""option_type"": ""CE"", ""strike_price"": 113, ""oich"": 0}, {""ask"": 0, ""bid"": 0, ""oi"": 3000, ""option_type"": ""PE"", ""strike_price"": 105, ""oich"": 0}, {""ask"": 0, ""bid"": 0, ""oi"": 0, ""option_type"": ""CE"", ""strike_price"": 102, ""oich"": 0}, {""ask"": 0, ""bid"": 0, ""oi"": 0, ""option_type"": ""PE"", ""strike_price"": 91, ""oich"": 0}, {""ask"": 0, ""bid"": 0, ""oi"": 0, ""option_type"": ""PE"", ""strike_price"": 86, ""oich"": 0}, {""ask"": 0, ""bid"": 0, ""oi"": 0, ""option_type"": ""CE"", ""strike_price"": 82, ""oich"": 0}, {""ask"": 0, ""bid"": 0, ""oi"": 0, ""option_type"": ""PE"", ""strike_price"": 122, ""oich"": 0}, {""ask"": 0, ""bid"": 0, ""oi"": 0, ""option_type"": ""CE"", ""strike_price"": 114, ""oich"": 0}, {""ask"": 0, ""bid"": 0, ""oi"": 32000, ""option_type"": ""PE"", ""strike_price"": 90, ""oich"": 6000}, {""ask"": 0, ""bid"": 0, ""oi"": 0, ""option_type"": ""PE"", ""strike_price"": 84, ""oich"": 0}, {""ask"": 0, ""bid"": 0, ""oi"": 0, ""option_type"": ""CE"", ""strike_price"": 79, ""oich"": 0}, {""ask"": 0, ""bid"": 0, ""oi"": 39000, ""option_type"": ""CE"", ""strike_price"": 110, ""oich"": -1000}, {""ask"": 0, ""bid"": 0, ""oi"": 0, ""option_type"": ""PE"", ""strike_price"": 108, ""oich"": 0}, {""ask"": 0, ""bid"": 0, ""oi"": 0, ""option_type"": ""CE"", ""strike_price"": 99, ""oich"": 0}, {""ask"": 0, ""bid"": 0, ""oi"": 0, ""option_type"": ""CE"", ""strike_price"": 85, ""oich"": 0}, {""ask"": 0, ""bid"": 0, ""oi"": 0, ""option_type"": ""CE"", ""strike_price"": 83, ""oich"": 0}, {""ask"": 0, ""bid"": 0, ""oi"": 0, ""option_type"": ""PE"", ""strike_price"": 81, ""oich"": 0}, {""ask"": 0, ""bid"": 0, ""oi"": 0, ""option_type"": ""PE"", ""strike_price"": 78, ""oich"": 0}, {""ask"": 0, ""bid"": 0, ""oi"": 0, ""option_type"": ""CE"", ""strike_price"": 112, ""oich"": 0}, {""ask"": 0, ""bid"": 0, ""oi"": 0, ""option_type"": ""PE"", ""strike_price"": 113, ""oich"": 0}, {""ask"": 0, ""bid"": 0, ""oi"": 0, ""option_type"": ""PE"", ""strike_price"": 109, ""oich"": 0}, {""ask"": 0, ""bid"": 0, ""oi"": 0, ""option_type"": ""CE"", ""strike_price"": 108, ""oich"": 0}, {""ask"": 0, ""bid"": 0, ""oi"": 0, ""option_type"": ""CE"", ""strike_price"": 107, ""oich"": 0}, {""ask"": 0, ""bid"": 0, ""oi"": 0, ""option_type"": ""CE"", ""strike_price"": 96, ""oich"": 0}, {""ask"": 0, ""bid"": 0, ""oi"": 0, ""option_type"": ""CE"", ""strike_price"": 93, ""oich"": 0}, {""ask"": 0, ""bid"": 0, ""oi"": 0, ""option_type"": ""CE"", ""strike_price"": 81, ""oich"": 0}, {""ask"": 0, ""bid"": 0, ""oi"": 0, ""option_type"": ""CE"", ""strike_price"": 94, ""oich"": 0}, {""ask"": 0, ""bid"": 0, ""oi"": 0, ""option_type"": ""CE"", ""strike_price"": 98, ""oich"": 0}, {""ask"": 0, ""bid"": 0, ""oi"": 0, ""option_type"": ""PE"", ""strike_price"": 112, ""oich"": 0}, {""ask"": 0, ""bid"": 0, ""oi"": 6000, ""option_type"": ""PE"", ""strike_price"": 120, ""oich"": 0}, {""ask"": 0, ""bid"": 0, ""oi"": 0, ""option_type"": ""PE"", ""strike_price"": 116, ""oich"": 0}, {""ask"": 0, ""bid"": 0, ""oi"": 4000, ""option_type"": ""CE"", ""strike_price"": 109, ""oich"": 0}, {""ask"": 0, ""bid"": 0, ""oi"": 17000, ""option_type"": ""CE"", ""strike_price"": 105, ""oich"": -3000}, {""ask"": 0, ""bid"": 0, ""oi"": 0, ""option_type"": ""PE"", ""strike_price"": 104, ""oich"": 0}, {""ask"": 0, ""bid"": 0, ""oi"": 0, ""option_type"": ""PE"", ""strike_price"": 101, ""oich"": 0}, {""ask"": 0, ""bid"": 0, ""oi"": 0, ""option_type"": ""PE"", ""strike_price"": 99, ""oich"": 0}, {""ask"": 0, ""bid"": 0, ""oi"": 7000, ""option_type"": ""PE"", ""strike_price"": 95, ""oich"": -1000}, {""ask"": 0, ""bid"": 0, ""oi"": 11000, ""option_type"": ""CE"", ""strike_price"": 90, ""oich"": 0}, {""ask"": 0, ""bid"": 0, ""oi"": 15000, ""option_type"": ""PE"", ""strike_price"": 80, ""oich"": 0}, {""ask"": 0, ""bid"": 0, ""oi"": 0, ""option_type"": ""CE"", ""strike_price"": 80, ""oich"": 0}, {""ask"": 0, ""bid"": 0, ""oi"": 0, ""option_type"": ""CE"", ""strike_price"": 87, ""oich"": 0}, {""ask"": 0, ""bid"": 0, ""oi"": 0, ""option_type"": ""PE"", ""strike_price"": 87, ""oich"": 0}, {""ask"": 0, ""bid"": 0, ""oi"": 0, ""option_type"": ""CE"", ""strike_price"": 95, ""oich"": 0}, {""ask"": 0, ""bid"": 0, ""oi"": 0, ""option_type"": ""CE"", ""strike_price"": 97, ""oich"": 0}, {""ask"": 0, ""bid"": 0, ""oi"": 0, ""option_type"": ""PE"", ""strike_price"": 111, ""oich"": 0}, {""ask"": 0, ""bid"": 0, ""oi"": 2000, ""option_type"": ""PE"", ""strike_price"": 88, ""oich"": 0}]",108000,2026-02-11
155000,,,"[{""ask"": 0, ""bid"": 0, ""oi"": 0, ""option_type"": ""PE"", ""strike_price"": 89, ""oich"": 0}, {""ask"": 0, ""bid"": 0, ""oi"": 0, ""option_type"": ""PE"", ""strike_price"": 91, ""oich"": 0}, {""ask"": 0, ""bid"": 0, ""oi"": 0, ""option_type"": ""CE"", ""strike_price"": 102, ""oich"": 0}, {""ask"": 0, ""bid"": 0, ""oi"": 4000, ""option_type"": ""PE"", ""strike_price"": 105, ""oich"": 1000}, {""ask"": 0, ""bid"": 0, ""oi"": 0, ""option_type"": ""CE"", ""strike_price"": 113, ""oich"": 0}, {""ask"": 0, ""bid"": 0, ""oi"": 0, ""option_type"": ""PE"", ""strike_price"": 118, ""oich"": 0}, {""ask"": 0, ""bid"": 0, ""oi"": 19000, ""option_type"": ""CE"", ""strike_price"": 120, ""oich"": -8000}, {""ask"": 0, ""bid"": 0, ""oi"": 0, ""option_type"": ""CE"", ""strike_price"": 82, ""oich"": 0}, {""ask"": 0, ""bid"": 0, ""oi"": 2000, ""option_type"": ""PE"", ""strike_price"": 86, ""oich"": 2000}, {""ask"": 0, ""bid"": 0, ""oi"": 0, ""option_type"": ""PE"", ""strike_price"": 98, ""oich"": 0}, {""ask"": 0, ""bid"": 0, ""oi"": 0, ""option_type"": ""PE"", ""strike_price"": 97, ""oich"": 0}, {""ask"": 0, ""bid"": 0, ""oi"": 0, ""option_type"": ""PE"", ""strike_price"": 92, ""oich"": 0}, {""ask"": 0, ""bid"": 0, ""oi"": 0, ""option_type"": ""CE"", ""strike_price"": 122, ""oich"": 0}, {""ask"": 0, ""bid"": 0, ""oi"": 0, ""option_type"": ""PE"", ""strike_price"": 114, ""oich"": 0}, {""ask"": 0, ""bid"": 0, ""oi"": 0, ""option_type"": ""PE"", ""strike_price"": 107, ""oich"": 0}, {""ask"": 0, ""bid"": 0, ""oi"": 0, ""option_type"": ""PE"", ""strike_price"": 103, ""oich"": 0}, {""ask"": 0, ""bid"": 0, ""oi"": 0, ""option_type"": ""PE"", ""strike_price"": 102, ""oich"": 0}, {""ask"": 0, ""bid"": 0, ""oi"": 0, ""option_type"": ""CE"", ""strike_price"": 101, ""oich"": 0}, {""ask"": 0, ""bid"": 0, ""oi"": 5000, ""option_type"": ""PE"", ""strike_price"": 100, ""oich"": 0}, {""ask"": 0, ""bid"": 0, ""oi"": 2000, ""option_type"": ""PE"", ""strike_price"": 88, ""oich"": 0}, {""ask"": 0, ""bid"": 0, ""oi"": 0, ""option_type"": ""CE"", ""strike_price"": 89, ""oich"": 0}, {""ask"": 0, ""bid"": 0, ""oi"": 0, ""option_type"": ""PE"", ""strike_price"": 106, ""oich"": 0}, {""ask"": 0, ""bid"": 0, ""oi"": 7000, ""option_type"": ""PE"", ""strike_price"": 110, ""oich"": 0}, {""ask"": 0, ""bid"": 0, ""oi"": 0, ""option_type"": ""PE"", ""strike_price"": 115, ""oich"": 0}, {""ask"": 0, ""bid"": 0, ""oi"": 0, ""option_type"": ""CE"", ""strike_price"": 80, ""oich"": 0}, {""ask"": 0, ""bid"": 0, ""oi"": 0, ""option_type"": ""PE"", ""strike_price"": 111, ""oich"": 0}, {""ask"": 0, ""bid"": 0, ""oi"": 0, ""option_type"": ""CE"", ""strike_price"": 97, ""oich"": 0}, {""ask"": 0, ""bid"": 0, ""oi"": 0, ""option_type"": ""CE"", ""strike_price"": 95, ""oich"": 0}, {""ask"": 0, ""bid"": 0, ""oi"": 0, ""option_type"": ""PE"", ""strike_price"": 87, ""oich"": 0}, {""ask"": 0, ""bid"": 0, ""oi"": 0, ""option_type"": ""CE"", ""strike_price"": 87, ""oich"": 0}, {""ask"": 0, ""bid"": 0, ""oi"": 0, ""option_type"": ""CE"", ""strike_price"": 79, ""oich"": 0}, {""ask"": 0, ""bid"": 0, ""oi"": 0, ""option_type"": ""PE"", ""strike_price"": 84, ""oich"": 0}, {""ask"": 0, ""bid"": 0, ""oi"": 30000, ""option_type"": ""PE"", ""strike_price"": 90, ""oich"": -2000}, {""ask"": 0, ""bid"": 0, ""oi"": 0, ""option_type"": ""CE"", ""strike_price"": 114, ""oich"": 0}, {""ask"": 0, ""bid"": 0, ""oi"": 0, ""option_type"": ""PE"", ""strike_price"": 122, ""oich"": 0}, {""ask"": 0, ""bid"": 0, ""oi"": 0, ""option_type"": ""CE"", ""strike_price"": 78, ""oich"": 0}, {""ask"": 0, ""bid"": 0, ""oi"": 6000, ""option_type"": ""CE"", ""strike_price"": 115, ""oich"": 1000}, {""ask"": 0, ""bid"": 0, ""oi"": 2000, ""option_type"": ""CE"", ""strike_price"": 103, ""oich"": 1000}, {""ask"": 0, ""bid"": 0, ""oi"": 0, ""option_type"": ""PE"", ""strike_price"": 93, ""oich"": 0}, {""ask"": 0, ""bid"": 0, ""oi"": 0, ""option_type"": ""CE"", ""strike_price"": 92, ""oich"": 0}, {""ask"": 0, ""bid"": 0, ""oi"": 0, ""option_type"": ""CE"", ""strike_price"": 91, ""oich"": 0}, {""ask"": 0, ""bid"": 0, ""oi"": 0, ""option_type"": ""CE"", ""strike_price"": 86, ""oich"": 0}, {""ask"": 0, ""bid"": 0, ""oi"": 0, ""option_type"": ""PE"", ""strike_price"": 83, ""oich"": 0}, {""ask"": 0, ""bid"": 0, ""oi"": 4000, ""option_type"": ""CE"", ""strike_price"": 109, ""oich"": 0}, {""ask"": 0, ""bid"": 0, ""oi"": 0, ""option_type"": ""PE"", ""strike_price"": 116, ""oich"": 0}, {""ask"": 0, ""bid"": 0, ""oi"": 6000, ""option_type"": ""PE"", ""strike_price"": 120, ""oich"": 0}, {""ask"": 0, ""bid"": 0, ""oi"": 22000, ""option_type"": ""CE"", ""strike_price"": 105, ""oich"": 5000}, {""ask"": 0, ""bid"": 0, ""oi"": 0, ""option_type"": ""PE"", ""strike_price"": 104, ""oich"": 0}, {""ask"": 0, ""bid"": 0, ""oi"": 0, ""option_type"": ""PE"", ""strike_price"": 101, ""oich"": 0}, {""ask"": 0, ""bid"": 0, ""oi"": 0, ""option_type"": ""PE"", ""strike_price"": 99, ""oich"": 0}, {""ask"": 0, ""bid"": 0, ""oi"": 11000, ""option_type"": ""PE"", ""strike_price"": 95, ""oich"": 4000}, {""ask"": 0, ""bid"": 0, ""oi"": 11000, ""option_type"": ""CE"", ""strike_price"": 90, ""oich"": 0}, {""ask"": 0, ""bid"": 0, ""oi"": 15000, ""option_type"": ""PE"", ""strike_price"": 80, ""oich"": 0}, {""ask"": 0, ""bid"": 0, ""oi"": 0, ""option_type"": ""CE"", ""strike_price"": 96, ""oich"": 0}, {""ask"": 0, ""bid"": 0, ""oi"": 0, ""option_type"": ""CE"", ""strike_price"": 107, ""oich"": 0}, {""ask"": 0, ""bid"": 0, ""oi"": 0, ""option_type"": ""CE"", ""strike_price"": 93, ""oich"": 0}, {""ask"": 0, ""bid"": 0, ""oi"": 0, ""option_type"": ""CE"", ""strike_price"": 108, ""oich"": 0}, {""ask"": 0, ""bid"": 0, ""oi"": 0, ""option_type"": ""PE"", ""strike_price"": 109, ""oich"": 0}, {""ask"": 0, ""bid"": 0, ""oi"": 0, ""option_type"": ""CE"", ""strike_price"": 85, ""oich"": 0}, {""ask"": 0, ""bid"": 0, ""oi"": 0, ""option_type"": ""CE"", ""strike_price"": 99, ""oich"": 0}, {""ask"": 0, ""bid"": 0, ""oi"": 0, ""option_type"": ""PE"", ""strike_price"": 108, ""oich"": 0}, {""ask"": 0, ""bid"": 0, ""oi"": 36000, ""option_type"": ""CE"", ""strike_price"": 110, ""oich"": -3000}, {""ask"": 0, ""bid"": 0, ""oi"": 0, ""option_type"": ""CE"", ""strike_price"": 112, ""oich"": 0}, {""ask"": 0, ""bid"": 0, ""oi"": 0, ""option_type"": ""PE"", ""strike_price"": 113, ""oich"": 0}, {""ask"": 0, ""bid"": 0, ""oi"": 0, ""option_type"": ""PE"", ""strike_price"": 78, ""oich"": 0}, {""ask"": 0, ""bid"": 0, ""oi"": 0, ""option_type"": ""PE"", ""strike_price"": 81, ""oich"": 0}, {""ask"": 0, ""bid"": 0, ""oi"": 0, ""option_type"": ""CE"", ""strike_price"": 83, ""oich"": 0}, {""ask"": 0, ""bid"": 0, ""oi"": 0, ""option_type"": ""PE"", ""strike_price"": 79, ""oich"": 0}, {""ask"": 0, ""bid"": 0, ""oi"": 31000, ""option_type"": ""PE"", ""strike_price"": 82, ""oich"": 0}, {""ask"": 0, ""bid"": 0, ""oi"": 0, ""option_type"": ""CE"", ""strike_price"": 84, ""oich"": 0}, {""ask"": 0, ""bid"": 0, ""oi"": 0, ""option_type"": ""PE"", ""strike_price"": 94, ""oich"": 0}, {""ask"": 0, ""bid"": 0, ""oi"": 0, ""option_type"": ""PE"", ""strike_price"": 96, ""oich"": 0}, {""ask"": 0, ""bid"": 0, ""oi"": 0, ""option_type"": ""CE"", ""strike_price"": 104, ""oich"": 0}, {""ask"": 0, ""bid"": 0, ""oi"": 0, ""option_type"": ""CE"", ""strike_price"": 106, ""oich"": 0}, {""ask"": 0, ""bid"": 0, ""oi"": 0, ""option_type"": ""CE"", ""strike_price"": 111, ""oich"": 0}, {""ask"": 0, ""bid"": 0, ""oi"": 0, ""option_type"": ""CE"", ""strike_price"": 116, ""oich"": 0}, {""ask"": 0, ""bid"": 0, ""oi"": 0, ""option_type"": ""CE"", ""strike_price"": 117, ""oich"": 0}, {""ask"": 0, ""bid"": 0, ""oi"": 0, ""option_type"": ""CE"", ""strike_price"": 81, ""oich"": 0}, {""ask"": 0, ""bid"": 0, ""oi"": 0, ""option_type"": ""CE"", ""strike_price"": 94, ""oich"": 0}, {""ask"": 0, ""bid"": 0, ""oi"": 0, ""option_type"": ""PE"", ""strike_price"": 112, ""oich"": 0}, {""ask"": 0, ""bid"": 0, ""oi"": 0, ""option_type"": ""CE"", ""strike_price"": 98, ""oich"": 0}, {""ask"": 0, ""bid"": 0, ""oi"": 28000, ""option_type"": ""CE"", ""strike_price"": 118, ""oich"": 0}, {""ask"": 0, ""bid"": 0, ""oi"": 0, ""option_type"": ""PE"", ""strike_price"": 117, ""oich"": 0}, {""ask"": 0, ""bid"": 0, ""oi"": 27000, ""option_type"": ""CE"", ""strike_price"": 100, ""oich"": 9000}, {""ask"": 0, ""bid"": 0, ""oi"": 0, ""option_type"": ""CE"", ""strike_price"": 88, ""oich"": 0}, {""ask"": 0, ""bid"": 0, ""oi"": 0, ""option_type"": ""PE"", ""strike_price"": 85, ""oich"": 0}]",113000,2026-02-12
208000,,,"[{""ask"": 0, ""bid"": 0, ""oi"": 17000, ""option_type"": ""CE"", ""strike_price"": 120, ""oich"": -2000}, {""ask"": 0, ""bid"": 0, ""oi"": 0, ""option_type"": ""PE"", ""strike_price"": 118, ""oich"": 0}, {""ask"": 0, ""bid"": 0, ""oi"": 0, ""option_type"": ""CE"", ""strike_price"": 113, ""oich"": 0}, {""ask"": 0, ""bid"": 0, ""oi"": 4000, ""option_type"": ""PE"", ""strike_price"": 105, ""oich"": 0}, {""ask"": 0, ""bid"": 0, ""oi"": 0, ""option_type"": ""CE"", ""strike_price"": 102, ""oich"": 0}, {""ask"": 0, ""bid"": 0, ""oi"": 0, ""option_type"": ""PE"", ""strike_price"": 91, ""oich"": 0}, {""ask"": 0, ""bid"": 0, ""oi"": 0, ""option_type"": ""PE"", ""strike_price"": 89, ""oich"": 0}, {""ask"": 0, ""bid"": 0, ""oi"": 2000, ""option_type"": ""PE"", ""strike_price"": 86, ""oich"": 0}, {""ask"": 0, ""bid"": 0, ""oi"": 0, ""option_type"": ""CE"", ""strike_price"": 82, ""oich"": 0}, {""ask"": 0, ""bid"": 0, ""oi"": 2000, ""option_type"": ""PE"", ""strike_price"": 88, ""oich"": 0}, {""ask"": 0, ""bid"": 0, ""oi"": 0, ""option_type"": ""CE"", ""strike_price"": 89, ""oich"": 0}, {""ask"": 0, ""bid"": 0, ""oi"": 0, ""option_type"": ""PE"", ""strike_price"": 106, ""oich"": 0}, {""ask"": 0, ""bid"": 0, ""oi"": 14000, ""option_type"": ""PE"", ""strike_price"": 110, ""oich"": 7000}, {""ask"": 0, ""bid"": 0, ""oi"": 2000, ""option_type"": ""PE"", ""strike_price"": 115, ""oich"": 2000}, {""ask"": 0, ""bid"": 0, ""oi"": 47000, ""option_type"": ""CE"", ""strike_price"": 100, ""oich"": 20000}, {""ask"": 0, ""bid"": 0, ""oi"": 0, ""option_type"": ""PE"", ""strike_price"": 117, ""oich"": 0}, {""ask"": 0, ""bid"": 0, ""oi"": 28000, ""option_type"": ""CE"", ""strike_price"": 118, ""oich"": 0}, {""ask"": 0, ""bid"": 0, ""oi"": 0, ""option_type"": ""PE"", ""strike_price"": 85, ""oich"": 0}, {""ask"": 0, ""bid"": 0, ""oi"": 0, ""option_type"": ""CE"", ""strike_price"": 88, ""oich"": 0}, {""ask"": 0, ""bid"": 0, ""oi"": 0, ""option_type"": ""CE"", ""strike_price"": 122, ""oich"": 0}, {""ask"": 0, ""bid"": 0, ""oi"": 0, ""option_type"": ""PE"", ""strike_price"": 114, ""oich"": 0}, {""ask"": 0, ""bid"": 0, ""oi"": 0, ""option_type"": ""PE"", ""strike_price"": 107, ""oich"": 0}, {""ask"": 0, ""bid"": 0, ""oi"": 0, ""option_type"": ""PE"", ""strike_price"": 103, ""oich"": 0}, {""ask"": 0, ""bid"": 0, ""oi"": 0, ""option_type"": ""PE"", ""strike_price"": 102, ""oich"": 0}, {""ask"": 0, ""bid"": 0, ""oi"": 10000, ""option_type"": ""PE"", ""strike_price"": 100, ""oich"": 5000}, {""ask"": 0, ""bid"": 0, ""oi"": 0, ""option_type"": ""PE"", ""strike_price"": 98, ""oich"": 0}, {""ask"": 0, ""bid"": 0, ""oi"": 0, ""option_type"": ""PE"", ""strike_price"": 97, ""oich"": 0}, {""ask"": 0, ""bid"": 0, ""oi"": 0, ""option_type"": ""PE"", ""strike_price"": 92, ""oich"": 0}, {""ask"": 0, ""bid"": 0, ""oi"": 0, ""option_type"": ""CE"", ""strike_price"": 101, ""oich"": 0}, {""ask"": 0, ""bid"": 0, ""oi"": 0, ""option_type"": ""CE"", ""strike_price"": 79, ""oich"": 0}, {""ask"": 0, ""bid"": 0, ""oi"": 0, ""option_type"": ""PE"", ""strike_price"": 84, ""oich"": 0}, {""ask"": 0, ""bid"": 0, ""oi"": 69000, ""option_type"": ""PE"", ""strike_price"": 90, ""oich"": 39000}, {""ask"": 0, ""bid"": 0, ""oi"": 0, ""option_type"": ""CE"", ""strike_price"": 114, ""oich"": 0}, {""ask"": 0, ""bid"": 0, ""oi"": 0, ""option_type"": ""PE"", ""strike_price"": 122, ""oich"": 0}, {""ask"": 0, ""bid"": 0, ""oi"": 0, ""option_type"": ""PE"", ""strike_price"": 81, ""oich"": 0}, {""ask"": 0, ""bid"": 0, ""oi"": 0, ""option_type"": ""PE"", ""strike_price"": 78, ""oich"": 0}, {""ask"": 0, ""bid"": 0, ""oi"": 0, ""option_type"": ""CE"", ""strike_price"": 85, ""oich"": 0}, {""ask"": 0, ""bid"": 0, ""oi"": 0, ""option_type"": ""PE"", ""strike_price"": 108, ""oich"": 0}, {""ask"": 0, ""bid"": 0, ""oi"": 0, ""option_type"": ""CE"", ""strike_price"": 99, ""oich"": 0}, {""ask"": 0, ""bid"": 0, ""oi"": 0, ""option_type"": ""PE"", ""strike_price"": 113, ""oich"": 0}, {""ask"": 0, ""bid"": 0, ""oi"": 0, ""option_type"": ""CE"", ""strike_price"": 112, ""oich"": 0}, {""ask"": 0, ""bid"": 0, ""oi"": 63000, ""option_type"": ""CE"", ""strike_price"": 110, ""oich"": 27000}, {""ask"": 0, ""bid"": 0, ""oi"": 0, ""option_type"": ""CE"", ""strike_price"": 83, ""oich"": 0}, {""ask"": 0, ""bid"": 0, ""oi"": 0, ""option_type"": ""CE"", ""strike_price"": 93, ""oich"": 0}, {""ask"": 0, ""bid"": 0, ""oi"": 0, ""option_type"": ""CE"", ""strike_price"": 96, ""oich"": 0}, {""ask"": 0, ""bid"": 0, ""oi"": 0, ""option_type"": ""CE"", ""strike_price"": 107, ""oich"": 0}, {""ask"": 0, ""bid"": 0, ""oi"": 0, ""option_type"": ""CE"", ""strike_price"": 108, ""oich"": 0}, {""ask"": 0, ""bid"": 0, ""oi"": 0, ""option_type"": ""PE"", ""strike_price"": 109, ""oich"": 0}, {""ask"": 0, ""bid"": 0, ""oi"": 0, ""option_type"": ""CE"", ""strike_price"": 95, ""oich"": 0}, {""ask"": 0, ""bid"": 0, ""oi"": 0, ""option_type"": ""PE"", ""strike_price"": 87, ""oich"": 0}, {""ask"": 0, ""bid"": 0, ""oi"": 0, ""option_type"": ""CE"", ""strike_price"": 87, ""oich"": 0}, {""ask"": 0, ""bid"": 0, ""oi"": 0, ""option_type"": ""CE"", ""strike_price"": 80, ""oich"": 0}, {""ask"": 0, ""bid"": 0, ""oi"": 0, ""option_type"": ""PE"", ""strike_price"": 111, ""oich"": 0}, {""ask"": 0, ""bid"": 0, ""oi"": 0, ""option_type"": ""CE"", ""strike_price"": 97, ""oich"": 0}, {""ask"": 0, ""bid"": 0, ""oi"": 0, ""option_type"": ""CE"", ""strike_price"": 84, ""oich"": 0}, {""ask"": 0, ""bid"": 0, ""oi"": 0, ""option_type"": ""PE"", ""strike_price"": 94, ""oich"": 0}, {""ask"": 0, ""bid"": 0, ""oi"": 0, ""option_type"": ""PE"", ""strike_price"": 96, ""oich"": 0}, {""ask"": 0, ""bid"": 0, ""oi"": 0, ""option_type"": ""CE"", ""strike_price"": 104, ""oich"": 0}, {""ask"": 0, ""bid"": 0, ""oi"": 0, ""option_type"": ""CE"", ""strike_price"": 106, ""oich"": 0}, {""ask"": 0, ""bid"": 0, ""oi"": 0, ""option_type"": ""CE"", ""strike_price"": 111, ""oich"": 0}, {""ask"": 0, ""bid"": 0, ""oi"": 0, ""option_type"": ""CE"", ""strike_price"": 116, ""oich"": 0}, {""ask"": 0, ""bid"": 0, ""oi"": 2000, ""option_type"": ""CE"", ""strike_price"": 117, ""oich"": 2000}, {""ask"": 0, ""bid"": 0, ""oi"": 0, ""option_type"": ""PE"", ""strike_price"": 79, ""oich"": 0}, {""ask"": 0, ""bid"": 0, ""oi"": 46000, ""option_type"": ""PE"", ""strike_price"": 82, ""oich"": 15000}, {""ask"": 0, ""bid"": 0, ""oi"": 6000, ""option_type"": ""CE"", ""strike_price"": 115, ""oich"": 0}, {""ask"": 0, ""bid"": 0, ""oi"": 2000, ""option_type"": ""CE"", ""strike_price"": 103, ""oich"": 0}, {""ask"": 0, ""bid"": 0, ""oi"": 0, ""option_type"": ""PE"", ""strike_price"": 93, ""oich"": 0}, {""ask"": 0, ""bid"": 0, ""oi"": 0, ""option_type"": ""CE"", ""strike_price"": 92, ""oich"": 0}, {""ask"": 0, ""bid"": 0, ""oi"": 0, ""option_type"": ""CE"", ""strike_price"": 91, ""oich"": 0}, {""ask"": 0, ""bid"": 0, ""oi"": 0, ""option_type"": ""CE"", ""strike_price"": 86, ""oich"": 0}, {""ask"": 0, ""bid"": 0, ""oi"": 0, ""option_type"": ""PE"", ""strike_price"": 83, ""oich"": 0}, {""ask"": 0, ""bid"": 0, ""oi"": 0, ""option_type"": ""CE"", ""strike_price"": 78, ""oich"": 0}, {""ask"": 0, ""bid"": 0, ""oi"": 15000, ""option_type"": ""PE"", ""strike_price"": 80, ""oich"": 0}, {""ask"": 0, ""bid"": 0, ""oi"": 11000, ""option_type"": ""CE"", ""strike_price"": 90, ""oich"": 0}, {""ask"": 0, ""bid"": 0, ""oi"": 12000, ""option_type"": ""PE"", ""strike_price"": 95, ""oich"": 1000}, {""ask"": 0, ""bid"": 0, ""oi"": 0, ""option_type"": ""PE"", ""strike_price"": 99, ""oich"": 0}, {""ask"": 0, ""bid"": 0, ""oi"": 0, ""option_type"": ""PE"", ""strike_price"": 101, ""oich"": 0}, {""ask"": 0, ""bid"": 0, ""oi"": 0, ""option_type"": ""PE"", ""strike_price"": 104, ""oich"": 0}, {""ask"": 0, ""bid"": 0, ""oi"": 28000, ""option_type"": ""CE"", ""strike_price"": 105, ""oich"": 6000}, {""ask"": 0, ""bid"": 0, ""oi"": 4000, ""option_type"": ""CE"", ""strike_price"": 109, ""oich"": 0}, {""ask"": 0, ""bid"": 0, ""oi"": 0, ""option_type"": ""PE"", ""strike_price"": 116, ""oich"": 0}, {""ask"": 0, ""bid"": 0, ""oi"": 6000, ""option_type"": ""PE"", ""strike_price"": 120, ""oich"": 0}, {""ask"": 0, ""bid"": 0, ""oi"": 0, ""option_type"": ""CE"", ""strike_price"": 81, ""oich"": 0}, {""ask"": 0, ""bid"": 0, ""oi"": 0, ""option_type"": ""CE"", ""strike_price"": 94, ""oich"": 0}, {""ask"": 0, ""bid"": 0, ""oi"": 0, ""option_type"": ""CE"", ""strike_price"": 98, ""oich"": 0}, {""ask"": 0, ""bid"": 0, ""oi"": 0, ""option_type"": ""PE"", ""strike_price"": 112, ""oich"": 0}]",182000,2026-02-13
372000,,,"[{""ask"": 0, ""bid"": 0, ""oi"": 0, ""option_type"": ""PE"", ""strike_price"": 93, ""oich"": 0}, {""ask"": 0, ""bid"": 0, ""oi"": 0, ""option_type"": ""CE"", ""strike_price"": 92, ""oich"": 0}, {""ask"": 0, ""bid"": 0, ""oi"": 0, ""option_type"": ""CE"", ""strike_price"": 91, ""oich"": 0}, {""ask"": 0, ""bid"": 0, ""oi"": 0, ""option_type"": ""CE"", ""strike_price"": 86, ""oich"": 0}, {""ask"": 0, ""bid"": 0, ""oi"": 0, ""option_type"": ""PE"", ""strike_price"": 83, ""oich"": 0}, {""ask"": 0, ""bid"": 0, ""oi"": 0, ""option_type"": ""CE"", ""strike_price"": 78, ""oich"": 0}, {""ask"": 0, ""bid"": 0, ""oi"": 3000, ""option_type"": ""CE"", ""strike_price"": 99, ""oich"": 3000}, {""ask"": 0, ""bid"": 0, ""oi"": 0, ""option_type"": ""PE"", ""strike_price"": 108, ""oich"": 0}, {""ask"": 0, ""bid"": 0, ""oi"": 84000, ""option_type"": ""CE"", ""strike_price"": 110, ""oich"": 21000}, {""ask"": 0, ""bid"": 0, ""oi"": 0, ""option_type"": ""CE"", ""strike_price"": 112, ""oich"": 0}, {""ask"": 0, ""bid"": 0, ""oi"": 0, ""option_type"": ""PE"", ""strike_price"": 113, ""oich"": 0}, {""ask"": 0, ""bid"": 0, ""oi"": 0, ""option_type"": ""PE"", ""strike_price"": 78, ""oich"": 0}, {""ask"": 0, ""bid"": 0, ""oi"": 0, ""option_type"": ""PE"", ""strike_price"": 81, ""oich"": 0}, {""ask"": 0, ""bid"": 0, ""oi"": 0, ""option_type"": ""CE"", ""strike_price"": 83, ""oich"": 0}, {""ask"": 0, ""bid"": 0, ""oi"": 0, ""option_type"": ""CE"", ""strike_price"": 85, ""oich"": 0}, {""ask"": 0, ""bid"": 0, ""oi"": 0, ""option_type"": ""PE"", ""strike_price"": 79, ""oich"": 0}, {""ask"": 0, ""bid"": 0, ""oi"": 26000, ""option_type"": ""PE"", ""strike_price"": 82, ""oich"": -20000}, {""ask"": 0, ""bid"": 0, ""oi"": 0, ""option_type"": ""CE"", ""strike_price"": 84, ""oich"": 0}, {""ask"": 0, ""bid"": 0, ""oi"": 0, ""option_type"": ""PE"", ""strike_price"": 94, ""oich"": 0}, {""ask"": 0, ""bid"": 0, ""oi"": 0, ""option_type"": ""PE"", ""strike_price"": 96, ""oich"": 0}, {""ask"": 0, ""bid"": 0, ""oi"": 0, ""option_type"": ""CE"", ""strike_price"": 104, ""oich"": 0}, {""ask"": 0, ""bid"": 0, ""oi"": 0, ""option_type"": ""CE"", ""strike_price"": 106, ""oich"": 0}, {""ask"": 0, ""bid"": 0, ""oi"": 0, ""option_type"": ""CE"", ""strike_price"": 111, ""oich"": 0}, {""ask"": 0, ""bid"": 0, ""oi"": 0, ""option_type"": ""CE"", ""strike_price"": 116, ""oich"": 0}, {""ask"": 0, ""bid"": 0, ""oi"": 2000, ""option_type"": ""CE"", ""strike_price"": 117, ""oich"": 0}, {""ask"": 0, ""bid"": 0, ""oi"": 28000, ""option_type"": ""CE"", ""strike_price"": 120, ""oich"": 11000}, {""ask"": 0, ""bid"": 0, ""oi"": 0, ""option_type"": ""PE"", ""strike_price"": 118, ""oich"": 0}, {""ask"": 0, ""bid"": 0, ""oi"": 0, ""option_type"": ""CE"", ""strike_price"": 113, ""oich"": 0}, {""ask"": 0, ""bid"": 0, ""oi"": 4000, ""option_type"": ""PE"", ""strike_price"": 105, ""oich"": 0}, {""ask"": 0, ""bid"": 0, ""oi"": 0, ""option_type"": ""CE"", ""strike_price"": 102, ""oich"": 0}, {""ask"": 0, ""bid"": 0, ""oi"": 0, ""option_type"": ""PE"", ""strike_price"": 91, ""oich"": 0}, {""ask"": 0, ""bid"": 0, ""oi"": 0, ""option_type"": ""PE"", ""strike_price"": 89, ""oich"": 0}, {""ask"": 0, ""bid"": 0, ""oi"": 2000, ""option_type"": ""PE"", ""strike_price"": 86, ""oich"": 0}, {""ask"": 0, ""bid"": 0, ""oi"": 0, ""option_type"": ""CE"", ""strike_price"": 82, ""oich"": 0}, {""ask"": 0, ""bid"": 0, ""oi"": 6000, ""option_type"": ""PE"", ""strike_price"": 120, ""oich"": 0}, {""ask"": 0, ""bid"": 0, ""oi"": 0, ""option_type"": ""PE"", ""strike_price"": 116, ""oich"": 0}, {""ask"": 0, ""bid"": 0, ""oi"": 21000, ""option_type"": ""PE"", ""strike_price"": 80, ""oich"": 6000}, {""ask"": 0, ""bid"": 0, ""oi"": 11000, ""option_type"": ""CE"", ""strike_price"": 90, ""oich"": 0}, {""ask"": 0, ""bid"": 0, ""oi"": 45000, ""option_type"": ""PE"", ""strike_price"": 95, ""oich"": 33000}, {""ask"": 0, ""bid"": 0, ""oi"": 0, ""option_type"": ""PE"", ""strike_price"": 99, ""oich"": 0}, {""ask"": 0, ""bid"": 0, ""oi"": 0, ""option_type"": ""PE"", ""strike_price"": 101, ""oich"": 0}, {""ask"": 0, ""bid"": 0, ""oi"": 3000, ""option_type"": ""PE"", ""strike_price"": 104, ""oich"": 3000}, {""ask"": 0, ""bid"": 0, ""oi"": 67000, ""option_type"": ""CE"", ""strike_price"": 105, ""oich"": 39000}, {""ask"": 0, ""bid"": 0, ""oi"": 4000, ""option_type"": ""CE"", ""strike_price"": 109, ""oich"": 0}, {""ask"": 0, ""bid"": 0, ""oi"": 0, ""option_type"": ""PE"", ""strike_price"": 109, ""oich"": 0}, {""ask"": 0, ""bid"": 0, ""oi"": 0, ""option_type"": ""CE"", ""strike_price"": 108, ""oich"": 0}, {""ask"": 0, ""bid"": 0, ""oi"": 0, ""option_type"": ""CE"", ""strike_price"": 107, ""oich"": 0}, {""ask"": 0, ""bid"": 0, ""oi"": 0, ""option_type"": ""CE"", ""strike_price"": 96, ""oich"": 0}, {""ask"": 0, ""bid"": 0, ""oi"": 0, ""option_type"": ""CE"", ""strike_price"": 93, ""oich"": 0}, {""ask"": 0, ""bid"": 0, ""oi"": 0, ""option_type"": ""CE"", ""strike_price"": 94, ""oich"": 0}, {""ask"": 0, ""bid"": 0, ""oi"": 0, ""option_type"": ""CE"", ""strike_price"": 98, ""oich"": 0}, {""ask"": 0, ""bid"": 0, ""oi"": 0, ""option_type"": ""CE"", ""strike_price"": 81, ""oich"": 0}, {""ask"": 0, ""bid"": 0, ""oi"": 0, ""option_type"": ""PE"", ""strike_price"": 112, ""oich"": 0}, {""ask"": 0, ""bid"": 0, ""oi"": 0, ""option_type"": ""CE"", ""strike_price"": 80, ""oich"": 0}, {""ask"": 0, ""bid"": 0, ""oi"": 0, ""option_type"": ""CE"", ""strike_price"": 87, ""oich"": 0}, {""ask"": 0, ""bid"": 0, ""oi"": 0, ""option_type"": ""PE"", ""strike_price"": 87, ""oich"": 0}, {""ask"": 0, ""bid"": 0, ""oi"": 0, ""option_type"": ""CE"", ""strike_price"": 95, ""oich"": 0}, {""ask"": 0, ""bid"": 0, ""oi"": 1000, ""option_type"": ""CE"", ""strike_price"": 97, ""oich"": 1000}, {""ask"": 0, ""bid"": 0, ""oi"": 0, ""option_type"": ""PE"", ""strike_price"": 111, ""oich"": 0}, {""ask"": 0, ""bid"": 0, ""oi"": 2000, ""option_type"": ""PE"", ""strike_price"": 115, ""oich"": 0}, {""ask"": 0, ""bid"": 0, ""oi"": 20000, ""option_type"": ""PE"", ""strike_price"": 110, ""oich"": 6000}, {""ask"": 0, ""bid"": 0, ""oi"": 0, ""option_type"": ""PE"", ""strike_price"": 106, ""oich"": 0}, {""ask"": 0, ""bid"": 0, ""oi"": 0, ""option_type"": ""CE"", ""strike_price"": 89, ""oich"": 0}, {""ask"": 0, ""bid"": 0, ""oi"": 5000, ""option_type"": ""PE"", ""strike_price"": 88, ""oich"": 3000}, {""ask"": 0, ""bid"": 0, ""oi"": 0, ""option_type"": ""CE"", ""strike_price"": 101, ""oich"": 0}, {""ask"": 0, ""bid"": 0, ""oi"": 0, ""option_type"": ""PE"", ""strike_price"": 102, ""oich"": 0}, {""ask"": 0, ""bid"": 0, ""oi"": 0, ""option_type"": ""PE"", ""strike_price"": 103, ""oich"": 0}, {""ask"": 0, ""bid"": 0, ""oi"": 0, ""option_type"": ""PE"", ""strike_price"": 107, ""oich"": 0}, {""ask"": 0, ""bid"": 0, ""oi"": 0, ""option_type"": ""PE"", ""strike_price"": 114, ""oich"": 0}, {""ask"": 0, ""bid"": 0, ""oi"": 0, ""option_type"": ""CE"", ""strike_price"": 122, ""oich"": 0}, {""ask"": 0, ""bid"": 0, ""oi"": 69000, ""option_type"": ""PE"", ""strike_price"": 100, ""oich"": 59000}, {""ask"": 0, ""bid"": 0, ""oi"": 0, ""option_type"": ""PE"", ""strike_price"": 98, ""oich"": 0}, {""ask"": 0, ""bid"": 0, ""oi"": 0, ""option_type"": ""PE"", ""strike_price"": 97, ""oich"": 0}, {""ask"": 0, ""bid"": 0, ""oi"": 0, ""option_type"": ""PE"", ""strike_price"": 92, ""oich"": 0}, {""ask"": 0, ""bid"": 0, ""oi"": 8000, ""option_type"": ""PE"", ""strike_price"": 122, ""oich"": 8000}, {""ask"": 0, ""bid"": 0, ""oi"": 0, ""option_type"": ""CE"", ""strike_price"": 114, ""oich"": 0}, {""ask"": 0, ""bid"": 0, ""oi"": 83000, ""option_type"": ""PE"", ""strike_price"": 90, ""oich"": 14000}, {""ask"": 0, ""bid"": 0, ""oi"": 0, ""option_type"": ""PE"", ""strike_price"": 84, ""oich"": 0}, {""ask"": 0, ""bid"": 0, ""oi"": 0, ""option_type"": ""CE"", ""strike_price"": 79, ""oich"": 0}, {""ask"": 0, ""bid"": 0, ""oi"": 6000, ""option_type"": ""PE"", ""strike_price"": 85, ""oich"": 6000}, {""ask"": 0, ""bid"": 0, ""oi"": 0, ""option_type"": ""CE"", ""strike_price"": 88, ""oich"": 0}, {""ask"": 0, ""bid"": 0, ""oi"": 134000, ""option_type"": ""CE"", ""strike_price"": 100, ""oich"": 87000}, {""ask"": 0, ""bid"": 0, ""oi"": 0, ""option_type"": ""PE"", ""strike_price"": 117, ""oich"": 0}, {""ask"": 0, ""bid"": 0, ""oi"": 28000, ""option_type"": ""CE"", ""strike_price"": 118, ""oich"": 0}, {""ask"": 0, ""bid"": 0, ""oi"": 7000, ""option_type"": ""CE"", ""strike_price"": 115, ""oich"": 1000}, {""ask"": 0, ""bid"": 0, ""oi"": 3000, ""option_type"": ""CE"", ""strike_price"": 103, ""oich"": 1000}]",300000,2026-02-16
512000,,,"[{""ask"": 0, ""bid"": 0, ""oi"": 0, ""option_type"": ""PE"", ""strike_price"": 118, ""oich"": 0}, {""ask"": 0, ""bid"": 0, ""oi"": 29000, ""option_type"": ""CE"", ""strike_price"": 120, ""oich"": 1000}, {""ask"": 0, ""bid"": 0, ""oi"": 2000, ""option_type"": ""PE"", ""strike_price"": 86, ""oich"": 0}, {""ask"": 0, ""bid"": 0, ""oi"": 0, ""option_type"": ""PE"", ""strike_price"": 89, ""oich"": 0}, {""ask"": 0, ""bid"": 0, ""oi"": 0, ""option_type"": ""PE"", ""strike_price"": 91, ""oich"": 0}, {""ask"": 0, ""bid"": 0, ""oi"": 7000, ""option_type"": ""CE"", ""strike_price"": 115, ""oich"": 0}, {""ask"": 0, ""bid"": 0, ""oi"": 3000, ""option_type"": ""CE"", ""strike_price"": 103, ""oich"": 0}, {""ask"": 0, ""bid"": 0, ""oi"": 0, ""option_type"": ""PE"", ""strike_price"": 93, ""oich"": 0}, {""ask"": 0, ""bid"": 0, ""oi"": 0, ""option_type"": ""CE"", ""strike_price"": 92, ""oich"": 0}, {""ask"": 0, ""bid"": 0, ""oi"": 0, ""option_type"": ""CE"", ""strike_price"": 91, ""oich"": 0}, {""ask"": 0, ""bid"": 0, ""oi"": 0, ""option_type"": ""CE"", ""strike_price"": 86, ""oich"": 0}, {""ask"": 0, ""bid"": 0, ""oi"": 0, ""option_type"": ""PE"", ""strike_price"": 83, ""oich"": 0}, {""ask"": 0, ""bid"": 0, ""oi"": 0, ""option_type"": ""CE"", ""strike_price"": 78, ""oich"": 0}, {""ask"": 0, ""bid"": 0, ""oi"": 0, ""option_type"": ""CE"", ""strike_price"": 111, ""oich"": 0}, {""ask"": 0, ""bid"": 0, ""oi"": 0, ""option_type"": ""CE"", ""strike_price"": 106, ""oich"": 0}, {""ask"": 0, ""bid"": 0, ""oi"": 0, ""option_type"": ""CE"", ""strike_price"": 104, ""oich"": 0}, {""ask"": 0, ""bid"": 0, ""oi"": 0, ""option_type"": ""PE"", ""strike_price"": 96, ""oich"": 0}, {""ask"": 0, ""bid"": 0, ""oi"": 0, ""option_type"": ""PE"", ""strike_price"": 94, ""oich"": 0}, {""ask"": 0, ""bid"": 0, ""oi"": 0, ""option_type"": ""CE"", ""strike_price"": 84, ""oich"": 0}, {""ask"": 0, ""bid"": 0, ""oi"": 19000, ""option_type"": ""PE"", ""strike_price"": 82, ""oich"": -7000}, {""ask"": 0, ""bid"": 0, ""oi"": 0, ""option_type"": ""PE"", ""strike_price"": 79, ""oich"": 0}, {""ask"": 0, ""bid"": 0, ""oi"": 2000, ""option_type"": ""CE"", ""strike_price"": 117, ""oich"": 0}, {""ask"": 0, ""bid"": 0, ""oi"": 0, ""option_type"": ""CE"", ""strike_price"": 116, ""oich"": 0}, {""ask"": 0, ""bid"": 0, ""oi"": 0, ""option_type"": ""PE"", ""strike_price"": 92, ""oich"": 0}, {""ask"": 0, ""bid"": 0, ""oi"": 7000, ""option_type"": ""PE"", ""strike_price"": 97, ""oich"": 7000}, {""ask"": 0, ""bid"": 0, ""oi"": 3000, ""option_type"": ""PE"", ""strike_price"": 98, ""oich"": 3000}, {""ask"": 0, ""bid"": 0, ""oi"": 92000, ""option_type"": ""PE"", ""strike_price"": 100, ""oich"": 23000}, {""ask"": 0, ""bid"": 0, ""oi"": 0, ""option_type"": ""CE"", ""strike_price"": 101, ""oich"": 0}, {""ask"": 0, ""bid"": 0, ""oi"": 0, ""option_type"": ""PE"", ""strike_price"": 102, ""oich"": 0}, {""ask"": 0, ""bid"": 0, ""oi"": 0, ""option_type"": ""PE"", ""strike_price"": 103, ""oich"": 0}, {""ask"": 0, ""bid"": 0, ""oi"": 0, ""option_type"": ""PE"", ""strike_price"": 107, ""oich"": 0}, {""ask"": 0, ""bid"": 0, ""oi"": 0, ""option_type"": ""PE"", ""strike_price"": 114, ""oich"": 0}, {""ask"": 0, ""bid"": 0, ""oi"": 0, ""option_type"": ""CE"", ""strike_price"": 122, ""oich"": 0}, {""ask"": 0, ""bid"": 0, ""oi"": 4000, ""option_type"": ""CE"", ""strike_price"": 109, ""oich"": 0}, {""ask"": 0, ""bid"": 0, ""oi"": 86000, ""option_type"": ""CE"", ""strike_price"": 105, ""oich"": 19000}, {""ask"": 0, ""bid"": 0, ""oi"": 3000, ""option_type"": ""PE"", ""strike_price"": 104, ""oich"": 0}, {""ask"": 0, ""bid"": 0, ""oi"": 5000, ""option_type"": ""PE"", ""strike_price"": 101, ""oich"": 5000}, {""ask"": 0, ""bid"": 0, ""oi"": 0, ""option_type"": ""PE"", ""strike_price"": 99, ""oich"": 0}, {""ask"": 0, ""bid"": 0, ""oi"": 49000, ""option_type"": ""PE"", ""strike_price"": 95, ""oich"": 4000}, {""ask"": 0, ""bid"": 0, ""oi"": 14000, ""option_type"": ""CE"", ""strike_price"": 90, ""oich"": 3000}, {""ask"": 0, ""bid"": 0, ""oi"": 22000, ""option_type"": ""PE"", ""strike_price"": 80, ""oich"": 1000}, {""ask"": 0, ""bid"": 0, ""oi"": 6000, ""option_type"": ""PE"", ""strike_price"": 120, ""oich"": 0}, {""ask"": 0, ""bid"": 0, ""oi"": 0, ""option_type"": ""PE"", ""strike_price"": 116, ""oich"": 0}, {""ask"": 0, ""bid"": 0, ""oi"": 0, ""option_type"": ""CE"", ""strike_price"": 93, ""oich"": 0}, {""ask"": 0, ""bid"": 0, ""oi"": 0, ""option_type"": ""PE"", ""strike_price"": 109, ""oich"": 0}, {""ask"": 0, ""bid"": 0, ""oi"": 0, ""option_type"": ""CE"", ""strike_price"": 108, ""oich"": 0}, {""ask"": 0, ""bid"": 0, ""oi"": 0, ""option_type"": ""CE"", ""strike_price"": 107, ""oich"": 0}, {""ask"": 0, ""bid"": 0, ""oi"": 0, ""option_type"": ""CE"", ""strike_price"": 96, ""oich"": 0}, {""ask"": 0, ""bid"": 0, ""oi"": 0, ""option_type"": ""CE"", ""strike_price"": 79, ""oich"": 0}, {""ask"": 0, ""bid"": 0, ""oi"": 0, ""option_type"": ""PE"", ""strike_price"": 84, ""oich"": 0}, {""ask"": 0, ""bid"": 0, ""oi"": 143000, ""option_type"": ""PE"", ""strike_price"": 90, ""oich"": 60000}, {""ask"": 0, ""bid"": 0, ""oi"": 0, ""option_type"": ""CE"", ""strike_price"": 114, ""oich"": 0}, {""ask"": 0, ""bid"": 0, ""oi"": 26000, ""option_type"": ""PE"", ""strike_price"": 122, ""oich"": 18000}, {""ask"": 0, ""bid"": 0, ""oi"": 1000, ""option_type"": ""CE"", ""strike_price"": 97, ""oich"": 0}, {""ask"": 0, ""bid"": 0, ""oi"": 0, ""option_type"": ""CE"", ""strike_price"": 80, ""oich"": 0}, {""ask"": 0, ""bid"": 0, ""oi"": 0, ""option_type"": ""CE"", ""strike_price"": 87, ""oich"": 0}, {""ask"": 0, ""bid"": 0, ""oi"": 0, ""option_type"": ""PE"", ""strike_price"": 87, ""oich"": 0}, {""ask"": 0, ""bid"": 0, ""oi"": 0, ""option_type"": ""CE"", ""strike_price"": 95, ""oich"": 0}, {""ask"": 0, ""bid"": 0, ""oi"": 0, ""option_type"": ""PE"", ""strike_price"": 111, ""oich"": 0}, {""ask"": 0, ""bid"": 0, ""oi"": 0, ""option_type"": ""PE"", ""strike_price"": 113, ""oich"": 0}, {""ask"": 0, ""bid"": 0, ""oi"": 0, ""option_type"": ""CE"", ""strike_price"": 112, ""oich"": 0}, {""ask"": 0, ""bid"": 0, ""oi"": 119000, ""option_type"": ""CE"", ""strike_price"": 110, ""oich"": 35000}, {""ask"": 0, ""bid"": 0, ""oi"": 1000, ""option_type"": ""PE"", ""strike_price"": 108, ""oich"": 1000}, {""ask"": 0, ""bid"": 0, ""oi"": 15000, ""option_type"": ""CE"", ""strike_price"": 99, ""oich"": 12000}, {""ask"": 0, ""bid"": 0, ""oi"": 0, ""option_type"": ""CE"", ""strike_price"": 85, ""oich"": 0}, {""ask"": 0, ""bid"": 0, ""oi"": 0, ""option_type"": ""CE"", ""strike_price"": 83, ""oich"": 0}, {""ask"": 0, ""bid"": 0, ""oi"": 0, ""option_type"": ""PE"", ""strike_price"": 81, ""oich"": 0}, {""ask"": 0, ""bid"": 0, ""oi"": 0, ""option_type"": ""PE"", ""strike_price"": 78, ""oich"": 0}, {""ask"": 0, ""bid"": 0, ""oi"": 0, ""option_type"": ""PE"", ""strike_price"": 112, ""oich"": 0}, {""ask"": 0, ""bid"": 0, ""oi"": 6000, ""option_type"": ""CE"", ""strike_price"": 98, ""oich"": 6000}, {""ask"": 0, ""bid"": 0, ""oi"": 0, ""option_type"": ""CE"", ""strike_price"": 94, ""oich"": 0}, {""ask"": 0, ""bid"": 0, ""oi"": 0, ""option_type"": ""CE"", ""strike_price"": 81, ""oich"": 0}, {""ask"": 0, ""bid"": 0, ""oi"": 196000, ""option_type"": ""CE"", ""strike_price"": 100, ""oich"": 62000}, {""ask"": 0, ""bid"": 0, ""oi"": 0, ""option_type"": ""CE"", ""strike_price"": 88, ""oich"": 0}, {""ask"": 0, ""bid"": 0, ""oi"": 0, ""option_type"": ""PE"", ""strike_price"": 117, ""oich"": 0}, {""ask"": 0, ""bid"": 0, ""oi"": 28000, ""option_type"": ""CE"", ""strike_price"": 118, ""oich"": 0}, {""ask"": 0, ""bid"": 0, ""oi"": 9000, ""option_type"": ""PE"", ""strike_price"": 85, ""oich"": 3000}, {""ask"": 0, ""bid"": 0, ""oi"": 8000, ""option_type"": ""PE"", ""strike_price"": 88, ""oich"": 3000}, {""ask"": 0, ""bid"": 0, ""oi"": 0, ""option_type"": ""CE"", ""strike_price"": 89, ""oich"": 0}, {""ask"": 0, ""bid"": 0, ""oi"": 0, ""option_type"": ""PE"", ""strike_price"": 106, ""oich"": 0}, {""ask"": 0, ""bid"": 0, ""oi"": 26000, ""option_type"": ""PE"", ""strike_price"": 110, ""oich"": 6000}, {""ask"": 0, ""bid"": 0, ""oi"": 3000, ""option_type"": ""PE"", ""strike_price"": 115, ""oich"": 1000}, {""ask"": 0, ""bid"": 0, ""oi"": 0, ""option_type"": ""CE"", ""strike_price"": 82, ""oich"": 0}, {""ask"": 0, ""bid"": 0, ""oi"": 2000, ""option_type"": ""CE"", ""strike_price"": 102, ""oich"": 2000}, {""ask"": 0, ""bid"": 0, ""oi"": 4000, ""option_type"": ""PE"", ""strike_price"": 105, ""oich"": 0}, {""ask"": 0, ""bid"": 0, ""oi"": 0, ""option_type"": ""CE"", ""strike_price"": 113, ""oich"": 0}]",428000,2026-02-17
733000,,,"[{""ask"": 0, ""bid"": 0, ""oi"": 4000, ""option_type"": ""CE"", ""strike_price"": 109, ""oich"": 0}, {""ask"": 0, ""bid"": 0, ""oi"": 0, ""option_type"": ""PE"", ""strike_price"": 116, ""oich"": 0}, {""ask"": 0, ""bid"": 0, ""oi"": 19000, ""option_type"": ""PE"", ""strike_price"": 120, ""oich"": 13000}, {""ask"": 0, ""bid"": 0, ""oi"": 0, ""option_type"": ""PE"", ""strike_price"": 114, ""oich"": 0}, {""ask"": 0, ""bid"": 0, ""oi"": 0, ""option_type"": ""CE"", ""strike_price"": 122, ""oich"": 0}, {""ask"": 0, ""bid"": 0, ""oi"": 9000, ""option_type"": ""PE"", ""strike_price"": 98, ""oich"": 6000}, {""ask"": 0, ""bid"": 0, ""oi"": 0, ""option_type"": ""PE"", ""strike_price"": 92, ""oich"": 0}, {""ask"": 0, ""bid"": 0, ""oi"": 0, ""option_type"": ""PE"", ""strike_price"": 107, ""oich"": 0}, {""ask"": 0, ""bid"": 0, ""oi"": 1000, ""option_type"": ""PE"", ""strike_price"": 103, ""oich"": 1000}, {""ask"": 0, ""bid"": 0, ""oi"": 0, ""option_type"": ""PE"", ""strike_price"": 102, ""oich"": 0}, {""ask"": 0, ""bid"": 0, ""oi"": 0, ""option_type"": ""CE"", ""strike_price"": 101, ""oich"": 0}, {""ask"": 0, ""bid"": 0, ""oi"": 115000, ""option_type"": ""PE"", ""strike_price"": 100, ""oich"": 23000}, {""ask"": 0, ""bid"": 0, ""oi"": 8000, ""option_type"": ""PE"", ""strike_price"": 97, ""oich"": 1000}, {""ask"": 0, ""bid"": 0, ""oi"": 0, ""option_type"": ""PE"", ""strike_price"": 79, ""oich"": 0}, {""ask"": 0, ""bid"": 0, ""oi"": 19000, ""option_type"": ""PE"", ""strike_price"": 82, ""oich"": 0}, {""ask"": 0, ""bid"": 0, ""oi"": 0, ""option_type"": ""CE"", ""strike_price"": 84, ""oich"": 0}, {""ask"": 0, ""bid"": 0, ""oi"": 0, ""option_type"": ""PE"", ""strike_price"": 94, ""oich"": 0}, {""ask"": 0, ""bid"": 0, ""oi"": 1000, ""option_type"": ""PE"", ""strike_price"": 96, ""oich"": 1000}, {""ask"": 0, ""bid"": 0, ""oi"": 0, ""option_type"": ""CE"", ""strike_price"": 104, ""oich"": 0}, {""ask"": 0, ""bid"": 0, ""oi"": 0, ""option_type"": ""CE"", ""strike_price"": 106, ""oich"": 0}, {""ask"": 0, ""bid"": 0, ""oi"": 0, ""option_type"": ""CE"", ""strike_price"": 111, ""oich"": 0}, {""ask"": 0, ""bid"": 0, ""oi"": 0, ""option_type"": ""CE"", ""strike_price"": 116, ""oich"": 0}, {""ask"": 0, ""bid"": 0, ""oi"": 2000, ""option_type"": ""CE"", ""strike_price"": 117, ""oich"": 0}, {""ask"": 0, ""bid"": 0, ""oi"": 0, ""option_type"": ""PE"", ""strike_price"": 111, ""oich"": 0}, {""ask"": 0, ""bid"": 0, ""oi"": 2000, ""option_type"": ""CE"", ""strike_price"": 97, ""oich"": 1000}, {""ask"": 0, ""bid"": 0, ""oi"": 0, ""option_type"": ""CE"", ""strike_price"": 95, ""oich"": 0}, {""ask"": 0, ""bid"": 0, ""oi"": 0, ""option_type"": ""PE"", ""strike_price"": 87, ""oich"": 0}, {""ask"": 0, ""bid"": 0, ""oi"": 0, ""option_type"": ""CE"", ""strike_price"": 87, ""oich"": 0}, {""ask"": 0, ""bid"": 0, ""oi"": 0, ""option_type"": ""CE"", ""strike_price"": 80, ""oich"": 0}, {""ask"": 0, ""bid"": 0, ""oi"": 0, ""option_type"": ""CE"", ""strike_price"": 96, ""oich"": 0}, {""ask"": 0, ""bid"": 0, ""oi"": 0, ""option_type"": ""CE"", ""strike_price"": 107, ""oich"": 0}, {""ask"": 0, ""bid"": 0, ""oi"": 0, ""option_type"": ""CE"", ""strike_price"": 108, ""oich"": 0}, {""ask"": 0, ""bid"": 0, ""oi"": 0, ""option_type"": ""PE"", ""strike_price"": 109, ""oich"": 0}, {""ask"": 0, ""bid"": 0, ""oi"": 0, ""option_type"": ""CE"", ""strike_price"": 93, ""oich"": 0}, {""ask"": 0, ""bid"": 0, ""oi"": 0, ""option_type"": ""CE"", ""strike_price"": 114, ""oich"": 0}, {""ask"": 0, ""bid"": 0, ""oi"": 52000, ""option_type"": ""PE"", ""strike_price"": 122, ""oich"": 26000}, {""ask"": 0, ""bid"": 0, ""oi"": 0, ""option_type"": ""CE"", ""strike_price"": 79, ""oich"": 0}, {""ask"": 0, ""bid"": 0, ""oi"": 0, ""option_type"": ""PE"", ""strike_price"": 84, ""oich"": 0}, {""ask"": 0, ""bid"": 0, ""oi"": 162000, ""option_type"": ""PE"", ""strike_price"": 90, ""oich"": 19000}, {""ask"": 0, ""bid"": 0, ""oi"": 0, ""option_type"": ""PE"", ""strike_price"": 83, ""oich"": 0}, {""ask"": 0, ""bid"": 0, ""oi"": 0, ""option_type"": ""CE"", ""strike_price"": 78, ""oich"": 0}, {""ask"": 0, ""bid"": 0, ""oi"": 21000, ""option_type"": ""CE"", ""strike_price"": 115, ""oich"": 14000}, {""ask"": 0, ""bid"": 0, ""oi"": 3000, ""option_type"": ""CE"", ""strike_price"": 103, ""oich"": 0}, {""ask"": 0, ""bid"": 0, ""oi"": 0, ""option_type"": ""PE"", ""strike_price"": 93, ""oich"": 0}, {""ask"": 0, ""bid"": 0, ""oi"": 0, ""option_type"": ""CE"", ""strike_price"": 92, ""oich"": 0}, {""ask"": 0, ""bid"": 0, ""oi"": 0, ""option_type"": ""CE"", ""strike_price"": 91, ""oich"": 0}, {""ask"": 0, ""bid"": 0, ""oi"": 0, ""option_type"": ""CE"", ""strike_price"": 86, ""oich"": 0}, {""ask"": 0, ""bid"": 0, ""oi"": 0, ""option_type"": ""PE"", ""strike_price"": 78, ""oich"": 0}, {""ask"": 0, ""bid"": 0, ""oi"": 0, ""option_type"": ""PE"", ""strike_price"": 81, ""oich"": 0}, {""ask"": 0, ""bid"": 0, ""oi"": 0, ""option_type"": ""CE"", ""strike_price"": 83, ""oich"": 0}, {""ask"": 0, ""bid"": 0, ""oi"": 0, ""option_type"": ""CE"", ""strike_price"": 85, ""oich"": 0}, {""ask"": 0, ""bid"": 0, ""oi"": 25000, ""option_type"": ""CE"", ""strike_price"": 99, ""oich"": 10000}, {""ask"": 0, ""bid"": 0, ""oi"": 1000, ""option_type"": ""PE"", ""strike_price"": 108, ""oich"": 0}, {""ask"": 0, ""bid"": 0, ""oi"": 166000, ""option_type"": ""CE"", ""strike_price"": 110, ""oich"": 47000}, {""ask"": 0, ""bid"": 0, ""oi"": 2000, ""option_type"": ""CE"", ""strike_price"": 112, ""oich"": 2000}, {""ask"": 0, ""bid"": 0, ""oi"": 0, ""option_type"": ""PE"", ""strike_price"": 113, ""oich"": 0}, {""ask"": 0, ""bid"": 0, ""oi"": 0, ""option_type"": ""CE"", ""strike_price"": 82, ""oich"": 0}, {""ask"": 0, ""bid"": 0, ""oi"": 2000, ""option_type"": ""PE"", ""strike_price"": 86, ""oich"": 0}, {""ask"": 0, ""bid"": 0, ""oi"": 0, ""option_type"": ""PE"", ""strike_price"": 89, ""oich"": 0}, {""ask"": 0, ""bid"": 0, ""oi"": 0, ""option_type"": ""PE"", ""strike_price"": 91, ""oich"": 0}, {""ask"": 0, ""bid"": 0, ""oi"": 2000, ""option_type"": ""CE"", ""strike_price"": 102, ""oich"": 0}, {""ask"": 0, ""bid"": 0, ""oi"": 27000, ""option_type"": ""PE"", ""strike_price"": 105, ""oich"": 23000}, {""ask"": 0, ""bid"": 0, ""oi"": 0, ""option_type"": ""CE"", ""strike_price"": 113, ""oich"": 0}, {""ask"": 0, ""bid"": 0, ""oi"": 0, ""option_type"": ""PE"", ""strike_price"": 118, ""oich"": 0}, {""ask"": 0, ""bid"": 0, ""oi"": 44000, ""option_type"": ""CE"", ""strike_price"": 120, ""oich"": 15000}, {""ask"": 0, ""bid"": 0, ""oi"": 8000, ""option_type"": ""PE"", ""strike_price"": 88, ""oich"": 0}, {""ask"": 0, ""bid"": 0, ""oi"": 0, ""option_type"": ""CE"", ""strike_price"": 89, ""oich"": 0}, {""ask"": 0, ""bid"": 0, ""oi"": 0, ""option_type"": ""PE"", ""strike_price"": 106, ""oich"": 0}, {""ask"": 0, ""bid"": 0, ""oi"": 26000, ""option_type"": ""PE"", ""strike_price"": 110, ""oich"": 0}, {""ask"": 0, ""bid"": 0, ""oi"": 8000, ""option_type"": ""PE"", ""strike_price"": 115, ""oich"": 5000}, {""ask"": 0, ""bid"": 0, ""oi"": 28000, ""option_type"": ""CE"", ""strike_price"": 118, ""oich"": 0}, {""ask"": 0, ""bid"": 0, ""oi"": 0, ""option_type"": ""PE"", ""strike_price"": 117, ""oich"": 0}, {""ask"": 0, ""bid"": 0, ""oi"": 256000, ""option_type"": ""CE"", ""strike_price"": 100, ""oich"": 60000}, {""ask"": 0, ""bid"": 0, ""oi"": 0, ""option_type"": ""CE"", ""strike_price"": 88, ""oich"": 0}, {""ask"": 0, ""bid"": 0, ""oi"": 10000, ""option_type"": ""PE"", ""strike_price"": 85, ""oich"": 1000}, {""ask"": 0, ""bid"": 0, ""oi"": 0, ""option_type"": ""CE"", ""strike_price"": 94, ""oich"": 0}, {""ask"": 0, ""bid"": 0, ""oi"": 0, ""option_type"": ""CE"", ""strike_price"": 81, ""oich"": 0}, {""ask"": 0, ""bid"": 0, ""oi"": 0, ""option_type"": ""PE"", ""strike_price"": 112, ""oich"": 0}, {""ask"": 0, ""bid"": 0, ""oi"": 7000, ""option_type"": ""CE"", ""strike_price"": 98, ""oich"": 1000}, {""ask"": 0, ""bid"": 0, ""oi"": 23000, ""option_type"": ""PE"", ""strike_price"": 80, ""oich"": 1000}, {""ask"": 0, ""bid"": 0, ""oi"": 12000, ""option_type"": ""CE"", ""strike_price"": 90, ""oich"": -2000}, {""ask"": 0, ""bid"": 0, ""oi"": 67000, ""option_type"": ""PE"", ""strike_price"": 95, ""oich"": 18000}, {""ask"": 0, ""bid"": 0, ""oi"": 3000, ""option_type"": ""PE"", ""strike_price"": 99, ""oich"": 3000}, {""ask"": 0, ""bid"": 0, ""oi"": 46000, ""option_type"": ""PE"", ""strike_price"": 101, ""oich"": 41000}, {""ask"": 0, ""bid"": 0, ""oi"": 3000, ""option_type"": ""PE"", ""strike_price"": 104, ""oich"": 0}, {""ask"": 0, ""bid"": 0, ""oi"": 159000, ""option_type"": ""CE"", ""strike_price"": 105, ""oich"": 73000}]",610000,2026-02-18
1010000,,,"[{""ask"": 0, ""bid"": 0, ""oi"": 0, ""option_type"": ""PE"", ""strike_price"": 107, ""oich"": 0}, {""ask"": 0, ""bid"": 0, ""oi"": 0, ""option_type"": ""PE"", ""strike_price"": 114, ""oich"": 0}, {""ask"": 0, ""bid"": 0, ""oi"": 0, ""option_type"": ""CE"", ""strike_price"": 122, ""oich"": 0}, {""ask"": 0, ""bid"": 0, ""oi"": 8000, ""option_type"": ""PE"", ""strike_price"": 98, ""oich"": -1000}, {""ask"": 0, ""bid"": 0, ""oi"": 0, ""option_type"": ""PE"", ""strike_price"": 92, ""oich"": 0}, {""ask"": 0, ""bid"": 0, ""oi"": 10000, ""option_type"": ""PE"", ""strike_price"": 97, ""oich"": 2000}, {""ask"": 0, ""bid"": 0, ""oi"": 115000, ""option_type"": ""PE"", ""strike_price"": 100, ""oich"": 0}, {""ask"": 0, ""bid"": 0, ""oi"": 2000, ""option_type"": ""CE"", ""strike_price"": 101, ""oich"": 2000}, {""ask"": 0, ""bid"": 0, ""oi"": 0, ""option_type"": ""PE"", ""strike_price"": 102, ""oich"": 0}, {""ask"": 0, ""bid"": 0, ""oi"": 1000, ""option_type"": ""PE"", ""strike_price"": 103, ""oich"": 0}, {""ask"": 0, ""bid"": 0, ""oi"": 0, ""option_type"": ""PE"", ""strike_price"": 109, ""oich"": 0}, {""ask"": 0, ""bid"": 0, ""oi"": 0, ""option_type"": ""CE"", ""strike_price"": 93, ""oich"": 0}, {""ask"": 0, ""bid"": 0, ""oi"": 0, ""option_type"": ""CE"", ""strike_price"": 96, ""oich"": 0}, {""ask"": 0, ""bid"": 0, ""oi"": 0, ""option_type"": ""CE"", ""strike_price"": 107, ""oich"": 0}, {""ask"": 0, ""bid"": 0, ""oi"": 1000, ""option_type"": ""CE"", ""strike_price"": 108, ""oich"": 1000}, {""ask"": 0, ""bid"": 0, ""oi"": 0, ""option_type"": ""CE"", ""strike_price"": 78, ""oich"": 0}, {""ask"": 0, ""bid"": 0, ""oi"": 0, ""option_type"": ""PE"", ""strike_price"": 83, ""oich"": 0}, {""ask"": 0, ""bid"": 0, ""oi"": 0, ""option_type"": ""CE"", ""strike_price"": 86, ""oich"": 0}, {""ask"": 0, ""bid"": 0, ""oi"": 0, ""option_type"": ""CE"", ""strike_price"": 91, ""oich"": 0}, {""ask"": 0, ""bid"": 0, ""oi"": 0, ""option_type"": ""CE"", ""strike_price"": 92, ""oich"": 0}, {""ask"": 0, ""bid"": 0, ""oi"": 0, ""option_type"": ""PE"", ""strike_price"": 93, ""oich"": 0}, {""ask"": 0, ""bid"": 0, ""oi"": 4000, ""option_type"": ""CE"", ""strike_price"": 103, ""oich"": 1000}, {""ask"": 0, ""bid"": 0, ""oi"": 35000, ""option_type"": ""CE"", ""strike_price"": 115, ""oich"": 14000}, {""ask"": 0, ""bid"": 0, ""oi"": 0, ""option_type"": ""CE"", ""strike_price"": 94, ""oich"": 0}, {""ask"": 0, ""bid"": 0, ""oi"": 0, ""option_type"": ""PE"", ""strike_price"": 112, ""oich"": 0}, {""ask"": 0, ""bid"": 0, ""oi"": 20000, ""option_type"": ""CE"", ""strike_price"": 98, ""oich"": 13000}, {""ask"": 0, ""bid"": 0, ""oi"": 0, ""option_type"": ""CE"", ""strike_price"": 81, ""oich"": 0}, {""ask"": 0, ""bid"": 0, ""oi"": 0, ""option_type"": ""CE"", ""strike_price"": 82, ""oich"": 0}, {""ask"": 0, ""bid"": 0, ""oi"": 4000, ""option_type"": ""PE"", ""strike_price"": 86, ""oich"": 2000}, {""ask"": 0, ""bid"": 0, ""oi"": 0, ""option_type"": ""PE"", ""strike_price"": 89, ""oich"": 0}, {""ask"": 0, ""bid"": 0, ""oi"": 0, ""option_type"": ""PE"", ""strike_price"": 91, ""oich"": 0}, {""ask"": 0, ""bid"": 0, ""oi"": 2000, ""option_type"": ""CE"", ""strike_price"": 102, ""oich"": 0}, {""ask"": 0, ""bid"": 0, ""oi"": 32000, ""option_type"": ""PE"", ""strike_price"": 105, ""oich"": 5000}, {""ask"": 0, ""bid"": 0, ""oi"": 0, ""option_type"": ""CE"", ""strike_price"": 113, ""oich"": 0}, {""ask"": 0, ""bid"": 0, ""oi"": 1000, ""option_type"": ""PE"", ""strike_price"": 118, ""oich"": 1000}, {""ask"": 0, ""bid"": 0, ""oi"": 48000, ""option_type"": ""CE"", ""strike_price"": 120, ""oich"": 4000}, {""ask"": 0, ""bid"": 0, ""oi"": 0, ""option_type"": ""CE"", ""strike_price"": 116, ""oich"": 0}, {""ask"": 0, ""bid"": 0, ""oi"": 0, ""option_type"": ""CE"", ""strike_price"": 111, ""oich"": 0}, {""ask"": 0, ""bid"": 0, ""oi"": 2000, ""option_type"": ""CE"", ""strike_price"": 106, ""oich"": 2000}, {""ask"": 0, ""bid"": 0, ""oi"": 0, ""option_type"": ""CE"", ""strike_price"": 104, ""oich"": 0}, {""ask"": 0, ""bid"": 0, ""oi"": 2000, ""option_type"": ""PE"", ""strike_price"": 96, ""oich"": 1000}, {""ask"": 0, ""bid"": 0, ""oi"": 4000, ""option_type"": ""PE"", ""strike_price"": 94, ""oich"": 4000}, {""ask"": 0, ""bid"": 0, ""oi"": 0, ""option_type"": ""PE"", ""strike_price"": 79, ""oich"": 0}, {""ask"": 0, ""bid"": 0, ""oi"": 7000, ""option_type"": ""PE"", ""strike_price"": 82, ""oich"": -12000}, {""ask"": 0, ""bid"": 0, ""oi"": 0, ""option_type"": ""CE"", ""strike_price"": 84, ""oich"": 0}, {""ask"": 0, ""bid"": 0, ""oi"": 2000, ""option_type"": ""CE"", ""strike_price"": 117, ""oich"": 0}, {""ask"": 0, ""bid"": 0, ""oi"": 22000, ""option_type"": ""PE"", ""strike_price"": 120, ""oich"": 3000}, {""ask"": 0, ""bid"": 0, ""oi"": 0, ""option_type"": ""PE"", ""strike_price"": 116, ""oich"": 0}, {""ask"": 0, ""bid"": 0, ""oi"": 19000, ""option_type"": ""CE"", ""strike_price"": 109, ""oich"": 15000}, {""ask"": 0, ""bid"": 0, ""oi"": 194000, ""option_type"": ""CE"", ""strike_price"": 105, ""oich"": 35000}, {""ask"": 0, ""bid"": 0, ""oi"": 3000, ""option_type"": ""PE"", ""strike_price"": 104, ""oich"": 0}, {""ask"": 0, ""bid"": 0, ""oi"": 44000, ""option_type"": ""PE"", ""strike_price"": 101, ""oich"": -2000}, {""ask"": 0, ""bid"": 0, ""oi"": 18000, ""option_type"": ""PE"", ""strike_price"": 99, ""oich"": 15000}, {""ask"": 0, ""bid"": 0, ""oi"": 98000, ""option_type"": ""PE"", ""strike_price"": 95, ""oich"": 31000}, {""ask"": 0, ""bid"": 0, ""oi"": 12000, ""option_type"": ""CE"", ""strike_price"": 90, ""oich"": 0}, {""ask"": 0, ""bid"": 0, ""oi"": 27000, ""option_type"": ""PE"", ""strike_price"": 80, ""oich"": 4000}, {""ask"": 0, ""bid"": 0, ""oi"": 0, ""option_type"": ""PE"", ""strike_price"": 113, ""oich"": 0}, {""ask"": 0, ""bid"": 0, ""oi"": 2000, ""option_type"": ""CE"", ""strike_price"": 112, ""oich"": 0}, {""ask"": 0, ""bid"": 0, ""oi"": 224000, ""option_type"": ""CE"", ""strike_price"": 110, ""oich"": 58000}, {""ask"": 0, ""bid"": 0, ""oi"": 1000, ""option_type"": ""PE"", ""strike_price"": 108, ""oich"": 0}, {""ask"": 0, ""bid"": 0, ""oi"": 26000, ""option_type"": ""CE"", ""strike_price"": 99, ""oich"": 1000}, {""ask"": 0, ""bid"": 0, ""oi"": 0, ""option_type"": ""CE"", ""strike_price"": 85, ""oich"": 0}, {""ask"": 0, ""bid"": 0, ""oi"": 0, ""option_type"": ""CE"", ""strike_price"": 83, ""oich"": 0}, {""ask"": 0, ""bid"": 0, ""oi"": 0, ""option_type"": ""PE"", ""strike_price"": 81, ""oich"": 0}, {""ask"": 0, ""bid"": 0, ""oi"": 0, ""option_type"": ""PE"", ""strike_price"": 78, ""oich"": 0}, {""ask"": 0, ""bid"": 0, ""oi"": 28000, ""option_type"": ""CE"", ""strike_price"": 118, ""oich"": 0}, {""ask"": 0, ""bid"": 0, ""oi"": 39000, ""option_type"": ""PE"", ""strike_price"": 85, ""oich"": 29000}, {""ask"": 0, ""bid"": 0, ""oi"": 0, ""option_type"": ""CE"", ""strike_price"": 88, ""oich"": 0}, {""ask"": 0, ""bid"": 0, ""oi"": 347000, ""option_type"": ""CE"", ""strike_price"": 100, ""oich"": 91000}, {""ask"": 0, ""bid"": 0, ""oi"": 0, ""option_type"": ""PE"", ""strike_price"": 117, ""oich"": 0}, {""ask"": 0, ""bid"": 0, ""oi"": 26000, ""option_type"": ""CE"", ""strike_price"": 95, ""oich"": 26000}, {""ask"": 0, ""bid"": 0, ""oi"": 0, ""option_type"": ""PE"", ""strike_price"": 87, ""oich"": 0}, {""ask"": 0, ""bid"": 0, ""oi"": 0, ""option_type"": ""CE"", ""strike_price"": 87, ""oich"": 0}, {""ask"": 0, ""bid"": 0, ""oi"": 0, ""option_type"": ""CE"", ""strike_price"": 80, ""oich"": 0}, {""ask"": 0, ""bid"": 0, ""oi"": 16000, ""option_type"": ""CE"", ""strike_price"": 97, ""oich"": 14000}, {""ask"": 0, ""bid"": 0, ""oi"": 0, ""option_type"": ""PE"", ""strike_price"": 111, ""oich"": 0}, {""ask"": 0, ""bid"": 0, ""oi"": 58000, ""option_type"": ""PE"", ""strike_price"": 122, ""oich"": 6000}, {""ask"": 0, ""bid"": 0, ""oi"": 0, ""option_type"": ""CE"", ""strike_price"": 114, ""oich"": 0}, {""ask"": 0, ""bid"": 0, ""oi"": 180000, ""option_type"": ""PE"", ""strike_price"": 90, ""oich"": 18000}, {""ask"": 0, ""bid"": 0, ""oi"": 0, ""option_type"": ""PE"", ""strike_price"": 84, ""oich"": 0}, {""ask"": 0, ""bid"": 0, ""oi"": 0, ""option_type"": ""CE"", ""strike_price"": 79, ""oich"": 0}, {""ask"": 0, ""bid"": 0, ""oi"": 9000, ""option_type"": ""PE"", ""strike_price"": 115, ""oich"": 1000}, {""ask"": 0, ""bid"": 0, ""oi"": 30000, ""option_type"": ""PE"", ""strike_price"": 110, ""oich"": 4000}, {""ask"": 0, ""bid"": 0, ""oi"": 0, ""option_type"": ""PE"", ""strike_price"": 106, ""oich"": 0}, {""ask"": 0, ""bid"": 0, ""oi"": 0, ""option_type"": ""CE"", ""strike_price"": 89, ""oich"": 0}, {""ask"": 0, ""bid"": 0, ""oi"": 51000, ""option_type"": ""PE"", ""strike_price"": 88, ""oich"": 43000}]",764000,2026-02-19
1475000,,,"[{""ask"": 0, ""bid"": 0, ""oi"": 0, ""option_type"": ""CE"", ""strike_price"": 79, ""oich"": 0}, {""ask"": 0, ""bid"": 0, ""oi"": 201000, ""option_type"": ""PE"", ""strike_price"": 90, ""oich"": 21000}, {""ask"": 0, ""bid"": 0, ""oi"": 0, ""option_type"": ""CE"", ""strike_price"": 114, ""oich"": 0}, {""ask"": 0, ""bid"": 0, ""oi"": 58000, ""option_type"": ""PE"", ""strike_price"": 122, ""oich"": 0}, {""ask"": 0, ""bid"": 0, ""oi"": 0, ""option_type"": ""CE"", ""strike_price"": 89, ""oich"": 0}, {""ask"": 0, ""bid"": 0, ""oi"": 53000, ""option_type"": ""PE"", ""strike_price"": 88, ""oich"": 2000}, {""ask"": 0, ""bid"": 0, ""oi"": 53000, ""option_type"": ""CE"", ""strike_price"": 115, ""oich"": 18000}, {""ask"": 0, ""bid"": 0, ""oi"": 4000, ""option_type"": ""CE"", ""strike_price"": 103, ""oich"": 0}, {""ask"": 0, ""bid"": 0, ""oi"": 5000, ""option_type"": ""PE"", ""strike_price"": 93, ""oich"": 5000}, {""ask"": 0, ""bid"": 0, ""oi"": 0, ""option_type"": ""CE"", ""strike_price"": 92, ""oich"": 0}, {""ask"": 0, ""bid"": 0, ""oi"": 0, ""option_type"": ""CE"", ""strike_price"": 91, ""oich"": 0}, {""ask"": 0, ""bid"": 0, ""oi"": 0, ""option_type"": ""CE"", ""strike_price"": 86, ""oich"": 0}, {""ask"": 0, ""bid"": 0, ""oi"": 0, ""option_type"": ""PE"", ""strike_price"": 83, ""oich"": 0}, {""ask"": 0, ""bid"": 0, ""oi"": 0, ""option_type"": ""CE"", ""strike_price"": 78, ""oich"": 0}, {""ask"": 0, ""bid"": 0, ""oi"": 0, ""option_type"": ""CE"", ""strike_price"": 94, ""oich"": 0}, {""ask"": 0, ""bid"": 0, ""oi"": 0, ""option_type"": ""PE"", ""strike_price"": 112, ""oich"": 0}, {""ask"": 0, ""bid"": 0, ""oi"": 32000, ""option_type"": ""CE"", ""strike_price"": 98, ""oich"": 12000}, {""ask"": 0, ""bid"": 0, ""oi"": 0, ""option_type"": ""CE"", ""strike_price"": 81, ""oich"": 0}, {""ask"": 0, ""bid"": 0, ""oi"": 48000, ""option_type"": ""PE"", ""strike_price"": 85, ""oich"": 9000}, {""ask"": 0, ""bid"": 0, ""oi"": 0, ""option_type"": ""CE"", ""strike_price"": 88, ""oich"": 0}, {""ask"": 0, ""bid"": 0, ""oi"": 421000, ""option_type"": ""CE"", ""strike_price"": 100, ""oich"": 74000}, {""ask"": 0, ""bid"": 0, ""oi"": 0, ""option_type"": ""PE"", ""strike_price"": 117, ""oich"": 0}, {""ask"": 0, ""bid"": 0, ""oi"": 28000, ""option_type"": ""CE"", ""strike_price"": 118, ""oich"": 0}, {""ask"": 0, ""bid"": 0, ""oi"": 3000, ""option_type"": ""CE"", ""strike_price"": 96, ""oich"": 3000}, {""ask"": 0, ""bid"": 0, ""oi"": 0, ""option_type"": ""PE"", ""strike_price"": 109, ""oich"": 0}, {""ask"": 0, ""bid"": 0, ""oi"": 0, ""option_type"": ""CE"", ""strike_price"": 107, ""oich"": 0}, {""ask"": 0, ""bid"": 0, ""oi"": 2000, ""option_type"": ""CE"", ""strike_price"": 108, ""oich"": 1000}, {""ask"": 0, ""bid"": 0, ""oi"": 0, ""option_type"": ""CE"", ""strike_price"": 93, ""oich"": 0}, {""ask"": 0, ""bid"": 0, ""oi"": 0, ""option_type"": ""PE"", ""strike_price"": 113, ""oich"": 0}, {""ask"": 0, ""bid"": 0, ""oi"": 2000, ""option_type"": ""CE"", ""strike_price"": 112, ""oich"": 0}, {""ask"": 0, ""bid"": 0, ""oi"": 270000, ""option_type"": ""CE"", ""strike_price"": 110, ""oich"": 46000}, {""ask"": 0, ""bid"": 0, ""oi"": 9000, ""option_type"": ""PE"", ""strike_price"": 108, ""oich"": 8000}, {""ask"": 0, ""bid"": 0, ""oi"": 33000, ""option_type"": ""CE"", ""strike_price"": 99, ""oich"": 7000}, {""ask"": 0, ""bid"": 0, ""oi"": 0, ""option_type"": ""CE"", ""strike_price"": 85, ""oich"": 0}, {""ask"": 0, ""bid"": 0, ""oi"": 0, ""option_type"": ""CE"", ""strike_price"": 83, ""oich"": 0}, {""ask"": 0, ""bid"": 0, ""oi"": 0, ""option_type"": ""PE"", ""strike_price"": 81, ""oich"": 0}, {""ask"": 0, ""bid"": 0, ""oi"": 0, ""option_type"": ""PE"", ""strike_price"": 78, ""oich"": 0}, {""ask"": 0, ""bid"": 0, ""oi"": 0, ""option_type"": ""PE"", ""strike_price"": 87, ""oich"": 0}, {""ask"": 0, ""bid"": 0, ""oi"": 75000, ""option_type"": ""CE"", ""strike_price"": 95, ""oich"": 49000}, {""ask"": 0, ""bid"": 0, ""oi"": 237000, ""option_type"": ""CE"", ""strike_price"": 97, ""oich"": 221000}, {""ask"": 0, ""bid"": 0, ""oi"": 1000, ""option_type"": ""PE"", ""strike_price"": 111, ""oich"": 1000}, {""ask"": 0, ""bid"": 0, ""oi"": 0, ""option_type"": ""CE"", ""strike_price"": 80, ""oich"": 0}, {""ask"": 0, ""bid"": 0, ""oi"": 0, ""option_type"": ""PE"", ""strike_price"": 84, ""oich"": 0}, {""ask"": 0, ""bid"": 0, ""oi"": 0, ""option_type"": ""CE"", ""strike_price"": 87, ""oich"": 0}, {""ask"": 0, ""bid"": 0, ""oi"": 0, ""option_type"": ""PE"", ""strike_price"": 106, ""oich"": 0}, {""ask"": 0, ""bid"": 0, ""oi"": 41000, ""option_type"": ""PE"", ""strike_price"": 110, ""oich"": 11000}, {""ask"": 0, ""bid"": 0, ""oi"": 14000, ""option_type"": ""PE"", ""strike_price"": 115, ""oich"": 5000}, {""ask"": 0, ""bid"": 0, ""oi"": 2000, ""option_type"": ""CE"", ""strike_price"": 117, ""oich"": 0}, {""ask"": 0, ""bid"": 0, ""oi"": 4000, ""option_type"": ""CE"", ""strike_price"": 116, ""oich"": 4000}, {""ask"": 0, ""bid"": 0, ""oi"": 0, ""option_type"": ""CE"", ""strike_price"": 111, ""oich"": 0}, {""ask"": 0, ""bid"": 0, ""oi"": 2000, ""option_type"": ""CE"", ""strike_price"": 106, ""oich"": 0}, {""ask"": 0, ""bid"": 0, ""oi"": 0, ""option_type"": ""CE"", ""strike_price"": 104, ""oich"": 0}, {""ask"": 0, ""bid"": 0, ""oi"": 2000, ""option_type"": ""PE"", ""strike_price"": 96, ""oich"": 0}, {""ask"": 0, ""bid"": 0, ""oi"": 8000, ""option_type"": ""PE"", ""strike_price"": 94, ""oich"": 4000}, {""ask"": 0, ""bid"": 0, ""oi"": 0, ""option_type"": ""CE"", ""strike_price"": 84, ""oich"": 0}, {""ask"": 0, ""bid"": 0, ""oi"": 6000, ""option_type"": ""PE"", ""strike_price"": 82, ""oich"": -1000}, {""ask"": 0, ""bid"": 0, ""oi"": 0, ""option_type"": ""PE"", ""strike_price"": 79, ""oich"": 0}, {""ask"": 0, ""bid"": 0, ""oi"": 3000, ""option_type"": ""PE"", ""strike_price"": 104, ""oich"": 0}, {""ask"": 0, ""bid"": 0, ""oi"": 0, ""option_type"": ""PE"", ""strike_price"": 116, ""oich"": 0}, {""ask"": 0, ""bid"": 0, ""oi"": 24000, ""option_type"": ""PE"", ""strike_price"": 120, ""oich"": 2000}, {""ask"": 0, ""bid"": 0, ""oi"": 31000, ""option_type"": ""PE"", ""strike_price"": 80, ""oich"": 4000}, {""ask"": 0, ""bid"": 0, ""oi"": 14000, ""option_type"": ""CE"", ""strike_price"": 90, ""oich"": 2000}, {""ask"": 0, ""bid"": 0, ""oi"": 117000, ""option_type"": ""PE"", ""strike_price"": 95, ""oich"": 19000}, {""ask"": 0, ""bid"": 0, ""oi"": 44000, ""option_type"": ""PE"", ""strike_price"": 101, ""oich"": 0}, {""ask"": 0, ""bid"": 0, ""oi"": 18000, ""option_type"": ""PE"", ""strike_price"": 99, ""oich"": 0}, {""ask"": 0, ""bid"": 0, ""oi"": 32000, ""option_type"": ""CE"", ""strike_price"": 109, ""oich"": 13000}, {""ask"": 0, ""bid"": 0, ""oi"": 201000, ""option_type"": ""CE"", ""strike_price"": 105, ""oich"": 7000}, {""ask"": 0, ""bid"": 0, ""oi"": 0, ""option_type"": ""CE"", ""strike_price"": 82, ""oich"": 0}, {""ask"": 0, ""bid"": 0, ""oi"": 4000, ""option_type"": ""PE"", ""strike_price"": 86, ""oich"": 0}, {""ask"": 0, ""bid"": 0, ""oi"": 0, ""option_type"": ""PE"", ""strike_price"": 89, ""oich"": 0}, {""ask"": 0, ""bid"": 0, ""oi"": 0, ""option_type"": ""PE"", ""strike_price"": 91, ""oich"": 0}, {""ask"": 0, ""bid"": 0, ""oi"": 2000, ""option_type"": ""CE"", ""strike_price"": 102, ""oich"": 0}, {""ask"": 0, ""bid"": 0, ""oi"": 37000, ""option_type"": ""PE"", ""strike_price"": 105, ""oich"": 5000}, {""ask"": 0, ""bid"": 0, ""oi"": 0, ""option_type"": ""CE"", ""strike_price"": 113, ""oich"": 0}, {""ask"": 0, ""bid"": 0, ""oi"": 1000, ""option_type"": ""PE"", ""strike_price"": 118, ""oich"": 0}, {""ask"": 0, ""bid"": 0, ""oi"": 51000, ""option_type"": ""CE"", ""strike_price"": 120, ""oich"": 3000}, {""ask"": 0, ""bid"": 0, ""oi"": 0, ""option_type"": ""PE"", ""strike_price"": 92, ""oich"": 0}, {""ask"": 0, ""bid"": 0, ""oi"": 9000, ""option_type"": ""PE"", ""strike_price"": 97, ""oich"": -1000}, {""ask"": 0, ""bid"": 0, ""oi"": 17000, ""option_type"": ""PE"", ""strike_price"": 98, ""oich"": 9000}, {""ask"": 0, ""bid"": 0, ""oi"": 114000, ""option_type"": ""PE"", ""strike_price"": 100, ""oich"": -1000}, {""ask"": 0, ""bid"": 0, ""oi"": 7000, ""option_type"": ""CE"", ""strike_price"": 101, ""oich"": 5000}, {""ask"": 0, ""bid"": 0, ""oi"": 0, ""option_type"": ""PE"", ""strike_price"": 102, ""oich"": 0}, {""ask"": 0, ""bid"": 0, ""oi"": 5000, ""option_type"": ""PE"", ""strike_price"": 103, ""oich"": 4000}, {""ask"": 0, ""bid"": 0, ""oi"": 0, ""option_type"": ""PE"", ""strike_price"": 114, ""oich"": 0}, {""ask"": 0, ""bid"": 0, ""oi"": 0, ""option_type"": ""CE"", ""strike_price"": 122, ""oich"": 0}, {""ask"": 0, ""bid"": 0, ""oi"": 0, ""option_type"": ""PE"", ""strike_price"": 107, ""oich"": 0}]",870000,2026-02-20
4026000,,,"[{""ask"": 0, ""bid"": 0, ""oi"": 13000, ""option_type"": ""CE"", ""strike_price"": 118, ""oich"": -15000}, {""ask"": 0, ""bid"": 0, ""oi"": 899000, ""option_type"": ""CE"", ""strike_price"": 100, ""oich"": 478000}, {""ask"": 0, ""bid"": 0, ""oi"": 40000, ""option_type"": ""CE"", ""strike_price"": 88, ""oich"": 40000}, {""ask"": 0, ""bid"": 0, ""oi"": 146000, ""option_type"": ""PE"", ""strike_price"": 85, ""oich"": 98000}, {""ask"": 0, ""bid"": 0, ""oi"": 0, ""option_type"": ""CE"", ""strike_price"": 75, ""oich"": 0}, {""ask"": 0, ""bid"": 0, ""oi"": 57000, ""option_type"": ""CE"", ""strike_price"": 120, ""oich"": 6000}, {""ask"": 0, ""bid"": 0, ""oi"": 4000, ""option_type"": ""PE"", ""strike_price"": 118, ""oich"": 3000}, {""ask"": 0, ""bid"": 0, ""oi"": 110000, ""option_type"": ""PE"", ""strike_price"": 105, ""oich"": 73000}, {""ask"": 0, ""bid"": 0, ""oi"": 49000, ""option_type"": ""CE"", ""strike_price"": 102, ""oich"": 47000}, {""ask"": 0, ""bid"": 0, ""oi"": 20000, ""option_type"": ""PE"", ""strike_price"": 91, ""oich"": 20000}, {""ask"": 0, ""bid"": 0, ""oi"": 29000, ""option_type"": ""PE"", ""strike_price"": 89, ""oich"": 29000}, {""ask"": 0, ""bid"": 0, ""oi"": 55000, ""option_type"": ""PE"", ""strike_price"": 86, ""oich"": 51000}, {""ask"": 0, ""bid"": 0, ""oi"": 1000, ""option_type"": ""CE"", ""strike_price"": 82, ""oich"": 1000}, {""ask"": 0, ""bid"": 0, ""oi"": 0, ""option_type"": ""PE"", ""strike_price"": 73, ""oich"": 0}, {""ask"": 0, ""bid"": 0, ""oi"": 1000, ""option_type"": ""CE"", ""strike_price"": 117, ""oich"": -1000}, {""ask"": 0, ""bid"": 0, ""oi"": 4000, ""option_type"": ""CE"", ""strike_price"": 116, ""oich"": 0}, {""ask"": 0, ""bid"": 0, ""oi"": 22000, ""option_type"": ""CE"", ""strike_price"": 106, ""oich"": 20000}, {""ask"": 0, ""bid"": 0, ""oi"": 5000, ""option_type"": ""CE"", ""strike_price"": 104, ""oich"": 5000}, {""ask"": 0, ""bid"": 0, ""oi"": 48000, ""option_type"": ""PE"", ""strike_price"": 96, ""oich"": 46000}, {""ask"": 0, ""bid"": 0, ""oi"": 96000, ""option_type"": ""PE"", ""strike_price"": 94, ""oich"": 88000}, {""ask"": 0, ""bid"": 0, ""oi"": 0, ""option_type"": ""CE"", ""strike_price"": 84, ""oich"": 0}, {""ask"": 0, ""bid"": 0, ""oi"": 8000, ""option_type"": ""PE"", ""strike_price"": 82, ""oich"": 2000}, {""ask"": 0, ""bid"": 0, ""oi"": 0, ""option_type"": ""PE"", ""strike_price"": 79, ""oich"": 0}, {""ask"": 0, ""bid"": 0, ""oi"": 35000, ""option_type"": ""PE"", ""strike_price"": 115, ""oich"": 21000}, {""ask"": 0, ""bid"": 0, ""oi"": 132000, ""option_type"": ""PE"", ""strike_price"": 88, ""oich"": 79000}, {""ask"": 0, ""bid"": 0, ""oi"": 1000, ""option_type"": ""PE"", ""strike_price"": 111, ""oich"": 0}, {""ask"": 0, ""bid"": 0, ""oi"": 0, ""option_type"": ""PE"", ""strike_price"": 77, ""oich"": 0}, {""ask"": 0, ""bid"": 0, ""oi"": 0, ""option_type"": ""CE"", ""strike_price"": 80, ""oich"": 0}, {""ask"": 0, ""bid"": 0, ""oi"": 32000, ""option_type"": ""CE"", ""strike_price"": 87, ""oich"": 32000}, {""ask"": 0, ""bid"": 0, ""oi"": 78000, ""option_type"": ""PE"", ""strike_price"": 87, ""oich"": 78000}, {""ask"": 0, ""bid"": 0, ""oi"": 447000, ""option_type"": ""CE"", ""strike_price"": 95, ""oich"": 372000}, {""ask"": 0, ""bid"": 0, ""oi"": 305000, ""option_type"": ""CE"", ""strike_price"": 97, ""oich"": 68000}, {""ask"": 0, ""bid"": 0, ""oi"": 3000, ""option_type"": ""CE"", ""strike_price"": 74, ""oich"": 3000}, {""ask"": 0, ""bid"": 0, ""oi"": 56000, ""option_type"": ""PE"", ""strike_price"": 92, ""oich"": 56000}, {""ask"": 0, ""bid"": 0, ""oi"": 25000, ""option_type"": ""PE"", ""strike_price"": 97, ""oich"": 16000}, {""ask"": 0, ""bid"": 0, ""oi"": 33000, ""option_type"": ""PE"", ""strike_price"": 98, ""oich"": 16000}, {""ask"": 0, ""bid"": 0, ""oi"": 276000, ""option_type"": ""PE"", ""strike_price"": 100, ""oich"": 162000}, {""ask"": 0, ""bid"": 0, ""oi"": 56000, ""option_type"": ""CE"", ""strike_price"": 101, ""oich"": 49000}, {""ask"": 0, ""bid"": 0, ""oi"": 14000, ""option_type"": ""PE"", ""strike_price"": 102, ""oich"": 14000}, {""ask"": 0, ""bid"": 0, ""oi"": 8000, ""option_type"": ""PE"", ""strike_price"": 103, ""oich"": 3000}, {""ask"": 0, ""bid"": 0, ""oi"": 0, ""option_type"": ""PE"", ""strike_price"": 107, ""oich"": 0}, {""ask"": 0, ""bid"": 0, ""oi"": 16000, ""option_type"": ""CE"", ""strike_price"": 122, ""oich"": 16000}, {""ask"": 0, ""bid"": 0, ""oi"": 20000, ""option_type"": ""PE"", ""strike_price"": 74, ""oich"": 20000}, {""ask"": 0, ""bid"": 0, ""oi"": 0, ""option_type"": ""CE"", ""strike_price"": 77, ""oich"": 0}, {""ask"": 0, ""bid"": 0, ""oi"": 0, ""option_type"": ""CE"", ""strike_price"": 78, ""oich"": 0}, {""ask"": 0, ""bid"": 0, ""oi"": 0, ""option_type"": ""PE"", ""strike_price"": 83, ""oich"": 0}, {""ask"": 0, ""bid"": 0, ""oi"": 20000, ""option_type"": ""CE"", ""strike_price"": 86, ""oich"": 20000}, {""ask"": 0, ""bid"": 0, ""oi"": 32000, ""option_type"": ""CE"", ""strike_price"": 91, ""oich"": 32000}, {""ask"": 0, ""bid"": 0, ""oi"": 25000, ""option_type"": ""CE"", ""strike_price"": 92, ""oich"": 25000}, {""ask"": 0, ""bid"": 0, ""oi"": 77000, ""option_type"": ""PE"", ""strike_price"": 93, ""oich"": 72000}, {""ask"": 0, ""bid"": 0, ""oi"": 77000, ""option_type"": ""CE"", ""strike_price"": 103, ""oich"": 73000}, {""ask"": 0, ""bid"": 0, ""oi"": 80000, ""option_type"": ""CE"", ""strike_price"": 115, ""oich"": 27000}, {""ask"": 0, ""bid"": 0, ""oi"": 1000, ""option_type"": ""CE"", ""strike_price"": 89, ""oich"": 1000}, {""ask"": 0, ""bid"": 0, ""oi"": 98000, ""option_type"": ""PE"", ""strike_price"": 110, ""oich"": 57000}, {""ask"": 0, ""bid"": 0, ""oi"": 0, ""option_type"": ""PE"", ""strike_price"": 106, ""oich"": 0}, {""ask"": 0, ""bid"": 0, ""oi"": 0, ""option_type"": ""PE"", ""strike_price"": 76, ""oich"": 0}, {""ask"": 0, ""bid"": 0, ""oi"": 30000, ""option_type"": ""CE"", ""strike_price"": 107, ""oich"": 30000}, {""ask"": 0, ""bid"": 0, ""oi"": 175000, ""option_type"": ""CE"", ""strike_price"": 93, ""oich"": 175000}, {""ask"": 0, ""bid"": 0, ""oi"": 133000, ""option_type"": ""CE"", ""strike_price"": 96, ""oich"": 130000}, {""ask"": 0, ""bid"": 0, ""oi"": 14000, ""option_type"": ""CE"", ""strike_price"": 108, ""oich"": 12000}, {""ask"": 0, ""bid"": 0, ""oi"": 0, ""option_type"": ""CE"", ""strike_price"": 76, ""oich"": 0}, {""ask"": 0, ""bid"": 0, ""oi"": 0, ""option_type"": ""CE"", ""strike_price"": 81, ""oich"": 0}, {""ask"": 0, ""bid"": 0, ""oi"": 113000, ""option_type"": ""CE"", ""strike_price"": 94, ""oich"": 113000}, {""ask"": 0, ""bid"": 0, ""oi"": 197000, ""option_type"": ""CE"", ""strike_price"": 98, ""oich"": 165000}, {""ask"": 0, ""bid"": 0, ""oi"": 2000, ""option_type"": ""PE"", ""strike_price"": 112, ""oich"": 2000}, {""ask"": 0, ""bid"": 0, ""oi"": 406000, ""option_type"": ""CE"", ""strike_price"": 105, ""oich"": 205000}, {""ask"": 0, ""bid"": 0, ""oi"": 37000, ""option_type"": ""CE"", ""strike_price"": 109, ""oich"": 5000}, {""ask"": 0, ""bid"": 0, ""oi"": 88000, ""option_type"": ""PE"", ""strike_price"": 120, ""oich"": 64000}, {""ask"": 0, ""bid"": 0, ""oi"": 13000, ""option_type"": ""PE"", ""strike_price"": 104, ""oich"": 10000}, {""ask"": 0, ""bid"": 0, ""oi"": 48000, ""option_type"": ""PE"", ""strike_price"": 101, ""oich"": 4000}, {""ask"": 0, ""bid"": 0, ""oi"": 44000, ""option_type"": ""PE"", ""strike_price"": 99, ""oich"": 26000}, {""ask"": 0, ""bid"": 0, ""oi"": 258000, ""option_type"": ""PE"", ""strike_price"": 95, ""oich"": 141000}, {""ask"": 0, ""bid"": 0, ""oi"": 202000, ""option_type"": ""CE"", ""strike_price"": 90, ""oich"": 188000}, {""ask"": 0, ""bid"": 0, ""oi"": 110000, ""option_type"": ""PE"", ""strike_price"": 80, ""oich"": 79000}, {""ask"": 0, ""bid"": 0, ""oi"": 0, ""option_type"": ""CE"", ""strike_price"": 79, ""oich"": 0}, {""ask"": 0, ""bid"": 0, ""oi"": 0, ""option_type"": ""CE"", ""strike_price"": 73, ""oich"": 0}, {""ask"": 0, ""bid"": 0, ""oi"": 59000, ""option_type"": ""PE"", ""strike_price"": 122, ""oich"": 1000}, {""ask"": 0, ""bid"": 0, ""oi"": 372000, ""option_type"": ""PE"", ""strike_price"": 90, ""oich"": 171000}, {""ask"": 0, ""bid"": 0, ""oi"": 32000, ""option_type"": ""PE"", ""strike_price"": 84, ""oich"": 32000}, {""ask"": 0, ""bid"": 0, ""oi"": 3000, ""option_type"": ""PE"", ""strike_price"": 75, ""oich"": 3000}, {""ask"": 0, ""bid"": 0, ""oi"": 0, ""option_type"": ""PE"", ""strike_price"": 78, ""oich"": 0}, {""ask"": 0, ""bid"": 0, ""oi"": 0, ""option_type"": ""PE"", ""strike_price"": 81, ""oich"": 0}, {""ask"": 0, ""bid"": 0, ""oi"": 0, ""option_type"": ""CE"", ""strike_price"": 83, ""oich"": 0}, {""ask"": 0, ""bid"": 0, ""oi"": 11000, ""option_type"": ""CE"", ""strike_price"": 85, ""oich"": 11000}, {""ask"": 0, ""bid"": 0, ""oi"": 105000, ""option_type"": ""CE"", ""strike_price"": 99, ""oich"": 72000}, {""ask"": 0, ""bid"": 0, ""oi"": 9000, ""option_type"": ""PE"", ""strike_price"": 108, ""oich"": 0}, {""ask"": 0, ""bid"": 0, ""oi"": 415000, ""option_type"": ""CE"", ""strike_price"": 110, ""oich"": 145000}, {""ask"": 0, ""bid"": 0, ""oi"": 3000, ""option_type"": ""CE"", ""strike_price"": 112, ""oich"": 1000}]",2407000,2026-03-02
4516000,,,"[{""ask"": 0, ""bid"": 0, ""oi"": 1000, ""option_type"": ""CE"", ""strike_price"": 117, ""oich"": 0}, {""ask"": 0, ""bid"": 0, ""oi"": 299000, ""option_type"": ""CE"", ""strike_price"": 97, ""oich"": -6000}, {""ask"": 0, ""bid"": 0, ""oi"": 1000, ""option_type"": ""PE"", ""strike_price"": 111, ""oich"": 0}, {""ask"": 0, ""bid"": 0, ""oi"": 120000, ""option_type"": ""PE"", ""strike_price"": 87, ""oich"": 42000}, {""ask"": 0, ""bid"": 0, ""oi"": 0, ""option_type"": ""PE"", ""strike_price"": 77, ""oich"": 0}, {""ask"": 0, ""bid"": 0, ""oi"": 5000, ""option_type"": ""CE"", ""strike_price"": 80, ""oich"": 5000}, {""ask"": 0, ""bid"": 0, ""oi"": 78000, ""option_type"": ""CE"", ""strike_price"": 87, ""oich"": 46000}, {""ask"": 0, ""bid"": 0, ""oi"": 496000, ""option_type"": ""CE"", ""strike_price"": 95, ""oich"": 49000}, {""ask"": 0, ""bid"": 0, ""oi"": 121000, ""option_type"": ""CE"", ""strike_price"": 94, ""oich"": 8000}, {""ask"": 0, ""bid"": 0, ""oi"": 219000, ""option_type"": ""CE"", ""strike_price"": 98, ""oich"": 22000}, {""ask"": 0, ""bid"": 0, ""oi"": 35000, ""option_type"": ""PE"", ""strike_price"": 115, ""oich"": 0}, {""ask"": 0, ""bid"": 0, ""oi"": 0, ""option_type"": ""CE"", ""strike_price"": 76, ""oich"": 0}, {""ask"": 0, ""bid"": 0, ""oi"": 2000, ""option_type"": ""PE"", ""strike_price"": 112, ""oich"": 0}, {""ask"": 0, ""bid"": 0, ""oi"": 0, ""option_type"": ""CE"", ""strike_price"": 81, ""oich"": 0}, {""ask"": 0, ""bid"": 0, ""oi"": 940000, ""option_type"": ""CE"", ""strike_price"": 100, ""oich"": 41000}, {""ask"": 0, ""bid"": 0, ""oi"": 0, ""option_type"": ""CE"", ""strike_price"": 75, ""oich"": 0}, {""ask"": 0, ""bid"": 0, ""oi"": 197000, ""option_type"": ""PE"", ""strike_price"": 85, ""oich"": 51000}, {""ask"": 0, ""bid"": 0, ""oi"": 13000, ""option_type"": ""CE"", ""strike_price"": 118, ""oich"": 0}, {""ask"": 0, ""bid"": 0, ""oi"": 123000, ""option_type"": ""CE"", ""strike_price"": 88, ""oich"": 83000}, {""ask"": 0, ""bid"": 0, ""oi"": 27000, ""option_type"": ""PE"", ""strike_price"": 83, ""oich"": 27000}, {""ask"": 0, ""bid"": 0, ""oi"": 0, ""option_type"": ""CE"", ""strike_price"": 78, ""oich"": 0}, {""ask"": 0, ""bid"": 0, ""oi"": 0, ""option_type"": ""CE"", ""strike_price"": 77, ""oich"": 0}, {""ask"": 0, ""bid"": 0, ""oi"": 83000, ""option_type"": ""PE"", ""strike_price"": 74, ""oich"": 63000}, {""ask"": 0, ""bid"": 0, ""oi"": 116000, ""option_type"": ""CE"", ""strike_price"": 86, ""oich"": 96000}, {""ask"": 0, ""bid"": 0, ""oi"": 53000, ""option_type"": ""CE"", ""strike_price"": 91, ""oich"": 21000}, {""ask"": 0, ""bid"": 0, ""oi"": 40000, ""option_type"": ""CE"", ""strike_price"": 92, ""oich"": 15000}, {""ask"": 0, ""bid"": 0, ""oi"": 72000, ""option_type"": ""PE"", ""strike_price"": 93, ""oich"": -5000}, {""ask"": 0, ""bid"": 0, ""oi"": 62000, ""option_type"": ""CE"", ""strike_price"": 103, ""oich"": -15000}, {""ask"": 0, ""bid"": 0, ""oi"": 79000, ""option_type"": ""CE"", ""strike_price"": 115, ""oich"": -1000}, {""ask"": 0, ""bid"": 0, ""oi"": 58000, ""option_type"": ""CE"", ""strike_price"": 120, ""oich"": 1000}, {""ask"": 0, ""bid"": 0, ""oi"": 109000, ""option_type"": ""PE"", ""strike_price"": 105, ""oich"": -1000}, {""ask"": 0, ""bid"": 0, ""oi"": 49000, ""option_type"": ""CE"", ""strike_price"": 102, ""oich"": 0}, {""ask"": 0, ""bid"": 0, ""oi"": 20000, ""option_type"": ""PE"", ""strike_price"": 91, ""oich"": 0}, {""ask"": 0, ""bid"": 0, ""oi"": 38000, ""option_type"": ""PE"", ""strike_price"": 89, ""oich"": 9000}, {""ask"": 0, ""bid"": 0, ""oi"": 4000, ""option_type"": ""PE"", ""strike_price"": 118, ""oich"": 0}, {""ask"": 0, ""bid"": 0, ""oi"": 123000, ""option_type"": ""PE"", ""strike_price"": 86, ""oich"": 68000}, {""ask"": 0, ""bid"": 0, ""oi"": 1000, ""option_type"": ""CE"", ""strike_price"": 82, ""oich"": 0}, {""ask"": 0, ""bid"": 0, ""oi"": 0, ""option_type"": ""PE"", ""strike_price"": 73, ""oich"": 0}, {""ask"": 0, ""bid"": 0, ""oi"": 0, ""option_type"": ""PE"", ""strike_price"": 76, ""oich"": 0}, {""ask"": 0, ""bid"": 0, ""oi"": 110000, ""option_type"": ""PE"", ""strike_price"": 88, ""oich"": -22000}, {""ask"": 0, ""bid"": 0, ""oi"": 4000, ""option_type"": ""CE"", ""strike_price"": 89, ""oich"": 3000}, {""ask"": 0, ""bid"": 0, ""oi"": 0, ""option_type"": ""PE"", ""strike_price"": 106, ""oich"": 0}, {""ask"": 0, ""bid"": 0, ""oi"": 98000, ""option_type"": ""PE"", ""strike_price"": 110, ""oich"": 0}, {""ask"": 0, ""bid"": 0, ""oi"": 37000, ""option_type"": ""CE"", ""strike_price"": 109, ""oich"": 0}, {""ask"": 0, ""bid"": 0, ""oi"": 410000, ""option_type"": ""CE"", ""strike_price"": 105, ""oich"": 4000}, {""ask"": 0, ""bid"": 0, ""oi"": 13000, ""option_type"": ""PE"", ""strike_price"": 104, ""oich"": 0}, {""ask"": 0, ""bid"": 0, ""oi"": 147000, ""option_type"": ""PE"", ""strike_price"": 80, ""oich"": 37000}, {""ask"": 0, ""bid"": 0, ""oi"": 287000, ""option_type"": ""CE"", ""strike_price"": 90, ""oich"": 85000}, {""ask"": 0, ""bid"": 0, ""oi"": 244000, ""option_type"": ""PE"", ""strike_price"": 95, ""oich"": -14000}, {""ask"": 0, ""bid"": 0, ""oi"": 44000, ""option_type"": ""PE"", ""strike_price"": 99, ""oich"": 0}, {""ask"": 0, ""bid"": 0, ""oi"": 48000, ""option_type"": ""PE"", ""strike_price"": 101, ""oich"": 0}, {""ask"": 0, ""bid"": 0, ""oi"": 88000, ""option_type"": ""PE"", ""strike_price"": 120, ""oich"": 0}, {""ask"": 0, ""bid"": 0, ""oi"": 3000, ""option_type"": ""CE"", ""strike_price"": 112, ""oich"": 0}, {""ask"": 0, ""bid"": 0, ""oi"": 405000, ""option_type"": ""CE"", ""strike_price"": 110, ""oich"": -10000}, {""ask"": 0, ""bid"": 0, ""oi"": 9000, ""option_type"": ""PE"", ""strike_price"": 108, ""oich"": 0}, {""ask"": 0, ""bid"": 0, ""oi"": 103000, ""option_type"": ""CE"", ""strike_price"": 99, ""oich"": -2000}, {""ask"": 0, ""bid"": 0, ""oi"": 67000, ""option_type"": ""CE"", ""strike_price"": 85, ""oich"": 56000}, {""ask"": 0, ""bid"": 0, ""oi"": 0, ""option_type"": ""CE"", ""strike_price"": 83, ""oich"": 0}, {""ask"": 0, ""bid"": 0, ""oi"": 0, ""option_type"": ""PE"", ""strike_price"": 81, ""oich"": 0}, {""ask"": 0, ""bid"": 0, ""oi"": 0, ""option_type"": ""PE"", ""strike_price"": 78, ""oich"": 0}, {""ask"": 0, ""bid"": 0, ""oi"": 21000, ""option_type"": ""PE"", ""strike_price"": 75, ""oich"": 18000}, {""ask"": 0, ""bid"": 0, ""oi"": 354000, ""option_type"": ""PE"", ""strike_price"": 90, ""oich"": -18000}, {""ask"": 0, ""bid"": 0, ""oi"": 59000, ""option_type"": ""PE"", ""strike_price"": 122, ""oich"": 0}, {""ask"": 0, ""bid"": 0, ""oi"": 40000, ""option_type"": ""PE"", ""strike_price"": 72, ""oich"": 40000}, {""ask"": 0, ""bid"": 0, ""oi"": 0, ""option_type"": ""CE"", ""strike_price"": 73, ""oich"": 0}, {""ask"": 0, ""bid"": 0, ""oi"": 0, ""option_type"": ""CE"", ""strike_price"": 79, ""oich"": 0}, {""ask"": 0, ""bid"": 0, ""oi"": 54000, ""option_type"": ""PE"", ""strike_price"": 84, ""oich"": 22000}, {""ask"": 0, ""bid"": 0, ""oi"": 8000, ""option_type"": ""PE"", ""strike_price"": 103, ""oich"": 0}, {""ask"": 0, ""bid"": 0, ""oi"": 54000, ""option_type"": ""PE"", ""strike_price"": 92, ""oich"": -2000}, {""ask"": 0, ""bid"": 0, ""oi"": 22000, ""option_type"": ""PE"", ""strike_price"": 97, ""oich"": -3000}, {""ask"": 0, ""bid"": 0, ""oi"": 31000, ""option_type"": ""PE"", ""strike_price"": 98, ""oich"": -2000}, {""ask"": 0, ""bid"": 0, ""oi"": 4000, ""option_type"": ""CE"", ""strike_price"": 74, ""oich"": 1000}, {""ask"": 0, ""bid"": 0, ""oi"": 0, ""option_type"": ""CE"", ""strike_price"": 72, ""oich"": 0}, {""ask"": 0, ""bid"": 0, ""oi"": 279000, ""option_type"": ""PE"", ""strike_price"": 100, ""oich"": 3000}, {""ask"": 0, ""bid"": 0, ""oi"": 0, ""option_type"": ""PE"", ""strike_price"": 107, ""oich"": 0}, {""ask"": 0, ""bid"": 0, ""oi"": 16000, ""option_type"": ""CE"", ""strike_price"": 122, ""oich"": 0}, {""ask"": 0, ""bid"": 0, ""oi"": 40000, ""option_type"": ""CE"", ""strike_price"": 101, ""oich"": -16000}, {""ask"": 0, ""bid"": 0, ""oi"": 14000, ""option_type"": ""PE"", ""strike_price"": 102, ""oich"": 0}, {""ask"": 0, ""bid"": 0, ""oi"": 170000, ""option_type"": ""CE"", ""strike_price"": 93, ""oich"": -5000}, {""ask"": 0, ""bid"": 0, ""oi"": 136000, ""option_type"": ""CE"", ""strike_price"": 96, ""oich"": 3000}, {""ask"": 0, ""bid"": 0, ""oi"": 29000, ""option_type"": ""CE"", ""strike_price"": 107, ""oich"": -1000}, {""ask"": 0, ""bid"": 0, ""oi"": 21000, ""option_type"": ""CE"", ""strike_price"": 108, ""oich"": 7000}, {""ask"": 0, ""bid"": 0, ""oi"": 4000, ""option_type"": ""CE"", ""strike_price"": 116, ""oich"": 0}, {""ask"": 0, ""bid"": 0, ""oi"": 22000, ""option_type"": ""CE"", ""strike_price"": 106, ""oich"": 0}, {""ask"": 0, ""bid"": 0, ""oi"": 5000, ""option_type"": ""CE"", ""strike_price"": 104, ""oich"": 0}, {""ask"": 0, ""bid"": 0, ""oi"": 48000, ""option_type"": ""PE"", ""strike_price"": 96, ""oich"": 0}, {""ask"": 0, ""bid"": 0, ""oi"": 96000, ""option_type"": ""PE"", ""strike_price"": 94, ""oich"": 0}, {""ask"": 0, ""bid"": 0, ""oi"": 0, ""option_type"": ""CE"", ""strike_price"": 84, ""oich"": 0}, {""ask"": 0, ""bid"": 0, ""oi"": 25000, ""option_type"": ""PE"", ""strike_price"": 82, ""oich"": 17000}, {""ask"": 0, ""bid"": 0, ""oi"": 0, ""option_type"": ""PE"", ""strike_price"": 79, ""oich"": 0}]",2737000,2026-03-04
4826000,,,"[{""ask"": 0, ""bid"": 0, ""oi"": 88000, ""option_type"": ""PE"", ""strike_price"": 120, ""oich"": 0}, {""ask"": 0, ""bid"": 0, ""oi"": 57000, ""option_type"": ""CE"", ""strike_price"": 120, ""oich"": -1000}, {""ask"": 0, ""bid"": 0, ""oi"": 1000, ""option_type"": ""CE"", ""strike_price"": 117, ""oich"": 0}, {""ask"": 0, ""bid"": 0, ""oi"": 2000, ""option_type"": ""PE"", ""strike_price"": 112, ""oich"": 0}, {""ask"": 0, ""bid"": 0, ""oi"": 3000, ""option_type"": ""CE"", ""strike_price"": 112, ""oich"": 0}, {""ask"": 0, ""bid"": 0, ""oi"": 98000, ""option_type"": ""PE"", ""strike_price"": 110, ""oich"": 0}, {""ask"": 0, ""bid"": 0, ""oi"": 9000, ""option_type"": ""PE"", ""strike_price"": 108, ""oich"": 0}, {""ask"": 0, ""bid"": 0, ""oi"": 29000, ""option_type"": ""CE"", ""strike_price"": 107, ""oich"": 0}, {""ask"": 0, ""bid"": 0, ""oi"": 0, ""option_type"": ""PE"", ""strike_price"": 106, ""oich"": 0}, {""ask"": 0, ""bid"": 0, ""oi"": 22000, ""option_type"": ""CE"", ""strike_price"": 106, ""oich"": 0}, {""ask"": 0, ""bid"": 0, ""oi"": 109000, ""option_type"": ""PE"", ""strike_price"": 105, ""oich"": 0}, {""ask"": 0, ""bid"": 0, ""oi"": 13000, ""option_type"": ""PE"", ""strike_price"": 104, ""oich"": 0}, {""ask"": 0, ""bid"": 0, ""oi"": 5000, ""option_type"": ""CE"", ""strike_price"": 104, ""oich"": 0}, {""ask"": 0, ""bid"": 0, ""oi"": 8000, ""option_type"": ""PE"", ""strike_price"": 103, ""oich"": 0}, {""ask"": 0, ""bid"": 0, ""oi"": 14000, ""option_type"": ""PE"", ""strike_price"": 102, ""oich"": 0}, {""ask"": 0, ""bid"": 0, ""oi"": 52000, ""option_type"": ""CE"", ""strike_price"": 102, ""oich"": 3000}, {""ask"": 0, ""bid"": 0, ""oi"": 40000, ""option_type"": ""CE"", ""strike_price"": 101, ""oich"": 0}, {""ask"": 0, ""bid"": 0, ""oi"": 274000, ""option_type"": ""PE"", ""strike_price"": 100, ""oich"": -5000}, {""ask"": 0, ""bid"": 0, ""oi"": 44000, ""option_type"": ""PE"", ""strike_price"": 99, ""oich"": 0}, {""ask"": 0, ""bid"": 0, ""oi"": 31000, ""option_type"": ""PE"", ""strike_price"": 98, ""oich"": 0}, {""ask"": 0, ""bid"": 0, ""oi"": 218000, ""option_type"": ""CE"", ""strike_price"": 98, ""oich"": -1000}, {""ask"": 0, ""bid"": 0, ""oi"": 22000, ""option_type"": ""PE"", ""strike_price"": 97, ""oich"": 0}, {""ask"": 0, ""bid"": 0, ""oi"": 137000, ""option_type"": ""CE"", ""strike_price"": 96, ""oich"": 1000}, {""ask"": 0, ""bid"": 0, ""oi"": 242000, ""option_type"": ""PE"", ""strike_price"": 95, ""oich"": -2000}, {""ask"": 0, ""bid"": 0, ""oi"": 94000, ""option_type"": ""PE"", ""strike_price"": 94, ""oich"": -2000}, {""ask"": 0, ""bid"": 0, ""oi"": 119000, ""option_type"": ""CE"", ""strike_price"": 94, ""oich"": -2000}, {""ask"": 0, ""bid"": 0, ""oi"": 69000, ""option_type"": ""PE"", ""strike_price"": 93, ""oich"": -3000}, {""ask"": 0, ""bid"": 0, ""oi"": 54000, ""option_type"": ""PE"", ""strike_price"": 92, ""oich"": 0}, {""ask"": 0, ""bid"": 0, ""oi"": 20000, ""option_type"": ""PE"", ""strike_price"": 91, ""oich"": 0}, {""ask"": 0, ""bid"": 0, ""oi"": 330000, ""option_type"": ""CE"", ""strike_price"": 90, ""oich"": 43000}, {""ask"": 0, ""bid"": 0, ""oi"": 113000, ""option_type"": ""PE"", ""strike_price"": 88, ""oich"": 3000}, {""ask"": 0, ""bid"": 0, ""oi"": 161000, ""option_type"": ""PE"", ""strike_price"": 87, ""oich"": 41000}, {""ask"": 0, ""bid"": 0, ""oi"": 149000, ""option_type"": ""CE"", ""strike_price"": 87, ""oich"": 71000}, {""ask"": 0, ""bid"": 0, ""oi"": 143000, ""option_type"": ""PE"", ""strike_price"": 86, ""oich"": 20000}, {""ask"": 0, ""bid"": 0, ""oi"": 52000, ""option_type"": ""PE"", ""strike_price"": 84, ""oich"": -2000}, {""ask"": 0, ""bid"": 0, ""oi"": 31000, ""option_type"": ""PE"", ""strike_price"": 83, ""oich"": 4000}, {""ask"": 0, ""bid"": 0, ""oi"": 2000, ""option_type"": ""CE"", ""strike_price"": 83, ""oich"": 2000}, {""ask"": 0, ""bid"": 0, ""oi"": 1000, ""option_type"": ""CE"", ""strike_price"": 82, ""oich"": 0}, {""ask"": 0, ""bid"": 0, ""oi"": 171000, ""option_type"": ""PE"", ""strike_price"": 80, ""oich"": 24000}, {""ask"": 0, ""bid"": 0, ""oi"": 7000, ""option_type"": ""CE"", ""strike_price"": 80, ""oich"": 2000}, {""ask"": 0, ""bid"": 0, ""oi"": 0, ""option_type"": ""CE"", ""strike_price"": 79, ""oich"": 0}, {""ask"": 0, ""bid"": 0, ""oi"": 0, ""option_type"": ""CE"", ""strike_price"": 76, ""oich"": 0}, {""ask"": 0, ""bid"": 0, ""oi"": 23000, ""option_type"": ""PE"", ""strike_price"": 75, ""oich"": 2000}, {""ask"": 0, ""bid"": 0, ""oi"": 0, ""option_type"": ""CE"", ""strike_price"": 75, ""oich"": 0}, {""ask"": 0, ""bid"": 0, ""oi"": 4000, ""option_type"": ""CE"", ""strike_price"": 74, ""oich"": 0}, {""ask"": 0, ""bid"": 0, ""oi"": 0, ""option_type"": ""CE"", ""strike_price"": 72, ""oich"": 0}, {""ask"": 0, ""bid"": 0, ""oi"": 0, ""option_type"": ""CE"", ""strike_price"": 70, ""oich"": 0}, {""ask"": 0, ""bid"": 0, ""oi"": 0, ""option_type"": ""PE"", ""strike_price"": 68, ""oich"": 0}, {""ask"": 0, ""bid"": 0, ""oi"": 0, ""option_type"": ""CE"", ""strike_price"": 68, ""oich"": 0}, {""ask"": 0, ""bid"": 0, ""oi"": 8000, ""option_type"": ""PE"", ""strike_price"": 70, ""oich"": 8000}, {""ask"": 0, ""bid"": 0, ""oi"": 44000, ""option_type"": ""PE"", ""strike_price"": 72, ""oich"": 4000}, {""ask"": 0, ""bid"": 0, ""oi"": 0, ""option_type"": ""CE"", ""strike_price"": 73, ""oich"": 0}, {""ask"": 0, ""bid"": 0, ""oi"": 1000, ""option_type"": ""PE"", ""strike_price"": 73, ""oich"": 1000}, {""ask"": 0, ""bid"": 0, ""oi"": 78000, ""option_type"": ""PE"", ""strike_price"": 74, ""oich"": -5000}, {""ask"": 0, ""bid"": 0, ""oi"": 0, ""option_type"": ""PE"", ""strike_price"": 76, ""oich"": 0}, {""ask"": 0, ""bid"": 0, ""oi"": 0, ""option_type"": ""CE"", ""strike_price"": 77, ""oich"": 0}, {""ask"": 0, ""bid"": 0, ""oi"": 0, ""option_type"": ""PE"", ""strike_price"": 77, ""oich"": 0}, {""ask"": 0, ""bid"": 0, ""oi"": 0, ""option_type"": ""CE"", ""strike_price"": 78, ""oich"": 0}, {""ask"": 0, ""bid"": 0, ""oi"": 2000, ""option_type"": ""PE"", ""strike_price"": 78, ""oich"": 2000}, {""ask"": 0, ""bid"": 0, ""oi"": 8000, ""option_type"": ""PE"", ""strike_price"": 79, ""oich"": 8000}, {""ask"": 0, ""bid"": 0, ""oi"": 0, ""option_type"": ""CE"", ""strike_price"": 81, ""oich"": 0}, {""ask"": 0, ""bid"": 0, ""oi"": 0, ""option_type"": ""PE"", ""strike_price"": 81, ""oich"": 0}, {""ask"": 0, ""bid"": 0, ""oi"": 37000, ""option_type"": ""PE"", ""strike_price"": 82, ""oich"": 12000}, {""ask"": 0, ""bid"": 0, ""oi"": 3000, ""option_type"": ""CE"", ""strike_price"": 84, ""oich"": 3000}, {""ask"": 0, ""bid"": 0, ""oi"": 117000, ""option_type"": ""CE"", ""strike_price"": 85, ""oich"": 50000}, {""ask"": 0, ""bid"": 0, ""oi"": 226000, ""option_type"": ""PE"", ""strike_price"": 85, ""oich"": 29000}, {""ask"": 0, ""bid"": 0, ""oi"": 149000, ""option_type"": ""CE"", ""strike_price"": 86, ""oich"": 33000}, {""ask"": 0, ""bid"": 0, ""oi"": 180000, ""option_type"": ""CE"", ""strike_price"": 88, ""oich"": 57000}, {""ask"": 0, ""bid"": 0, ""oi"": 10000, ""option_type"": ""CE"", ""strike_price"": 89, ""oich"": 6000}, {""ask"": 0, ""bid"": 0, ""oi"": 38000, ""option_type"": ""PE"", ""strike_price"": 89, ""oich"": 0}, {""ask"": 0, ""bid"": 0, ""oi"": 305000, ""option_type"": ""PE"", ""strike_price"": 90, ""oich"": -49000}, {""ask"": 0, ""bid"": 0, ""oi"": 62000, ""option_type"": ""CE"", ""strike_price"": 91, ""oich"": 9000}, {""ask"": 0, ""bid"": 0, ""oi"": 55000, ""option_type"": ""CE"", ""strike_price"": 92, ""oich"": 15000}, {""ask"": 0, ""bid"": 0, ""oi"": 170000, ""option_type"": ""CE"", ""strike_price"": 93, ""oich"": 0}, {""ask"": 0, ""bid"": 0, ""oi"": 535000, ""option_type"": ""CE"", ""strike_price"": 95, ""oich"": 39000}, {""ask"": 0, ""bid"": 0, ""oi"": 48000, ""option_type"": ""PE"", ""strike_price"": 96, ""oich"": 0}, {""ask"": 0, ""bid"": 0, ""oi"": 287000, ""option_type"": ""CE"", ""strike_price"": 97, ""oich"": -12000}, {""ask"": 0, ""bid"": 0, ""oi"": 106000, ""option_type"": ""CE"", ""strike_price"": 99, ""oich"": 3000}, {""ask"": 0, ""bid"": 0, ""oi"": 952000, ""option_type"": ""CE"", ""strike_price"": 100, ""oich"": 12000}, {""ask"": 0, ""bid"": 0, ""oi"": 48000, ""option_type"": ""PE"", ""strike_price"": 101, ""oich"": 0}, {""ask"": 0, ""bid"": 0, ""oi"": 71000, ""option_type"": ""CE"", ""strike_price"": 103, ""oich"": 9000}, {""ask"": 0, ""bid"": 0, ""oi"": 413000, ""option_type"": ""CE"", ""strike_price"": 105, ""oich"": 3000}, {""ask"": 0, ""bid"": 0, ""oi"": 0, ""option_type"": ""PE"", ""strike_price"": 107, ""oich"": 0}, {""ask"": 0, ""bid"": 0, ""oi"": 21000, ""option_type"": ""CE"", ""strike_price"": 108, ""oich"": 0}, {""ask"": 0, ""bid"": 0, ""oi"": 37000, ""option_type"": ""CE"", ""strike_price"": 109, ""oich"": 0}, {""ask"": 0, ""bid"": 0, ""oi"": 373000, ""option_type"": ""CE"", ""strike_price"": 110, ""oich"": -32000}, {""ask"": 0, ""bid"": 0, ""oi"": 1000, ""option_type"": ""PE"", ""strike_price"": 111, ""oich"": 0}, {""ask"": 0, ""bid"": 0, ""oi"": 76000, ""option_type"": ""CE"", ""strike_price"": 115, ""oich"": -3000}, {""ask"": 0, ""bid"": 0, ""oi"": 35000, ""option_type"": ""PE"", ""strike_price"": 115, ""oich"": 0}, {""ask"": 0, ""bid"": 0, ""oi"": 4000, ""option_type"": ""CE"", ""strike_price"": 116, ""oich"": 0}, {""ask"": 0, ""bid"": 0, ""oi"": 13000, ""option_type"": ""CE"", ""strike_price"": 118, ""oich"": 0}, {""ask"": 0, ""bid"": 0, ""oi"": 4000, ""option_type"": ""PE"", ""strike_price"": 118, ""oich"": 0}, {""ask"": 0, ""bid"": 0, ""oi"": 16000, ""option_type"": ""CE"", ""strike_price"": 122, ""oich"": 0}, {""ask"": 0, ""bid"": 0, ""oi"": 59000, ""option_type"": ""PE"", ""strike_price"": 122, ""oich"": 0}]",2827000,2026-03-05
5081000,,,"[{""ask"": 0, ""bid"": 0, ""oi"": 180000, ""option_type"": ""PE"", ""strike_price"": 88, ""oich"": 67000}, {""ask"": 0, ""bid"": 0, ""oi"": 230000, ""option_type"": ""CE"", ""strike_price"": 87, ""oich"": 81000}, {""ask"": 0, ""bid"": 0, ""oi"": 148000, ""option_type"": ""PE"", ""strike_price"": 86, ""oich"": 5000}, {""ask"": 0, ""bid"": 0, ""oi"": 78000, ""option_type"": ""PE"", ""strike_price"": 84, ""oich"": 26000}, {""ask"": 0, ""bid"": 0, ""oi"": 35000, ""option_type"": ""PE"", ""strike_price"": 83, ""oich"": 4000}, {""ask"": 0, ""bid"": 0, ""oi"": 2000, ""option_type"": ""CE"", ""strike_price"": 83, ""oich"": 0}, {""ask"": 0, ""bid"": 0, ""oi"": 1000, ""option_type"": ""CE"", ""strike_price"": 82, ""oich"": 0}, {""ask"": 0, ""bid"": 0, ""oi"": 180000, ""option_type"": ""PE"", ""strike_price"": 80, ""oich"": 9000}, {""ask"": 0, ""bid"": 0, ""oi"": 11000, ""option_type"": ""CE"", ""strike_price"": 80, ""oich"": 4000}, {""ask"": 0, ""bid"": 0, ""oi"": 0, ""option_type"": ""CE"", ""strike_price"": 79, ""oich"": 0}, {""ask"": 0, ""bid"": 0, ""oi"": 0, ""option_type"": ""CE"", ""strike_price"": 76, ""oich"": 0}, {""ask"": 0, ""bid"": 0, ""oi"": 23000, ""option_type"": ""PE"", ""strike_price"": 75, ""oich"": 0}, {""ask"": 0, ""bid"": 0, ""oi"": 0, ""option_type"": ""CE"", ""strike_price"": 75, ""oich"": 0}, {""ask"": 0, ""bid"": 0, ""oi"": 4000, ""option_type"": ""CE"", ""strike_price"": 74, ""oich"": 0}, {""ask"": 0, ""bid"": 0, ""oi"": 0, ""option_type"": ""CE"", ""strike_price"": 72, ""oich"": 0}, {""ask"": 0, ""bid"": 0, ""oi"": 0, ""option_type"": ""CE"", ""strike_price"": 70, ""oich"": 0}, {""ask"": 0, ""bid"": 0, ""oi"": 0, ""option_type"": ""PE"", ""strike_price"": 68, ""oich"": 0}, {""ask"": 0, ""bid"": 0, ""oi"": 145000, ""option_type"": ""PE"", ""strike_price"": 87, ""oich"": -16000}, {""ask"": 0, ""bid"": 0, ""oi"": 88000, ""option_type"": ""PE"", ""strike_price"": 120, ""oich"": 0}, {""ask"": 0, ""bid"": 0, ""oi"": 57000, ""option_type"": ""CE"", ""strike_price"": 120, ""oich"": 0}, {""ask"": 0, ""bid"": 0, ""oi"": 1000, ""option_type"": ""CE"", ""strike_price"": 117, ""oich"": 0}, {""ask"": 0, ""bid"": 0, ""oi"": 2000, ""option_type"": ""PE"", ""strike_price"": 112, ""oich"": 0}, {""ask"": 0, ""bid"": 0, ""oi"": 3000, ""option_type"": ""CE"", ""strike_price"": 112, ""oich"": 0}, {""ask"": 0, ""bid"": 0, ""oi"": 98000, ""option_type"": ""PE"", ""strike_price"": 110, ""oich"": 0}, {""ask"": 0, ""bid"": 0, ""oi"": 9000, ""option_type"": ""PE"", ""strike_price"": 108, ""oich"": 0}, {""ask"": 0, ""bid"": 0, ""oi"": 29000, ""option_type"": ""CE"", ""strike_price"": 107, ""oich"": 0}, {""ask"": 0, ""bid"": 0, ""oi"": 0, ""option_type"": ""PE"", ""strike_price"": 106, ""oich"": 0}, {""ask"": 0, ""bid"": 0, ""oi"": 22000, ""option_type"": ""CE"", ""strike_price"": 106, ""oich"": 0}, {""ask"": 0, ""bid"": 0, ""oi"": 109000, ""option_type"": ""PE"", ""strike_price"": 105, ""oich"": 0}, {""ask"": 0, ""bid"": 0, ""oi"": 13000, ""option_type"": ""PE"", ""strike_price"": 104, ""oich"": 0}, {""ask"": 0, ""bid"": 0, ""oi"": 3000, ""option_type"": ""CE"", ""strike_price"": 104, ""oich"": -2000}, {""ask"": 0, ""bid"": 0, ""oi"": 8000, ""option_type"": ""PE"", ""strike_price"": 103, ""oich"": 0}, {""ask"": 0, ""bid"": 0, ""oi"": 14000, ""option_type"": ""PE"", ""strike_price"": 102, ""oich"": 0}, {""ask"": 0, ""bid"": 0, ""oi"": 54000, ""option_type"": ""CE"", ""strike_price"": 102, ""oich"": 2000}, {""ask"": 0, ""bid"": 0, ""oi"": 50000, ""option_type"": ""CE"", ""strike_price"": 101, ""oich"": 10000}, {""ask"": 0, ""bid"": 0, ""oi"": 272000, ""option_type"": ""PE"", ""strike_price"": 100, ""oich"": -2000}, {""ask"": 0, ""bid"": 0, ""oi"": 44000, ""option_type"": ""PE"", ""strike_price"": 99, ""oich"": 0}, {""ask"": 0, ""bid"": 0, ""oi"": 31000, ""option_type"": ""PE"", ""strike_price"": 98, ""oich"": 0}, {""ask"": 0, ""bid"": 0, ""oi"": 219000, ""option_type"": ""CE"", ""strike_price"": 98, ""oich"": 1000}, {""ask"": 0, ""bid"": 0, ""oi"": 22000, ""option_type"": ""PE"", ""strike_price"": 97, ""oich"": 0}, {""ask"": 0, ""bid"": 0, ""oi"": 134000, ""option_type"": ""CE"", ""strike_price"": 96, ""oich"": -3000}, {""ask"": 0, ""bid"": 0, ""oi"": 233000, ""option_type"": ""PE"", ""strike_price"": 95, ""oich"": -9000}, {""ask"": 0, ""bid"": 0, ""oi"": 92000, ""option_type"": ""PE"", ""strike_price"": 94, ""oich"": -2000}, {""ask"": 0, ""bid"": 0, ""oi"": 102000, ""option_type"": ""CE"", ""strike_price"": 94, ""oich"": -17000}, {""ask"": 0, ""bid"": 0, ""oi"": 69000, ""option_type"": ""PE"", ""strike_price"": 93, ""oich"": 0}, {""ask"": 0, ""bid"": 0, ""oi"": 52000, ""option_type"": ""PE"", ""strike_price"": 92, ""oich"": -2000}, {""ask"": 0, ""bid"": 0, ""oi"": 38000, ""option_type"": ""PE"", ""strike_price"": 91, ""oich"": 18000}, {""ask"": 0, ""bid"": 0, ""oi"": 388000, ""option_type"": ""CE"", ""strike_price"": 90, ""oich"": 58000}, {""ask"": 0, ""bid"": 0, ""oi"": 48000, ""option_type"": ""PE"", ""strike_price"": 96, ""oich"": 0}, {""ask"": 0, ""bid"": 0, ""oi"": 272000, ""option_type"": ""CE"", ""strike_price"": 97, ""oich"": -15000}, {""ask"": 0, ""bid"": 0, ""oi"": 112000, ""option_type"": ""CE"", ""strike_price"": 99, ""oich"": 6000}, {""ask"": 0, ""bid"": 0, ""oi"": 1031000, ""option_type"": ""CE"", ""strike_price"": 100, ""oich"": 79000}, {""ask"": 0, ""bid"": 0, ""oi"": 48000, ""option_type"": ""PE"", ""strike_price"": 101, ""oich"": 0}, {""ask"": 0, ""bid"": 0, ""oi"": 84000, ""option_type"": ""CE"", ""strike_price"": 103, ""oich"": 13000}, {""ask"": 0, ""bid"": 0, ""oi"": 425000, ""option_type"": ""CE"", ""strike_price"": 105, ""oich"": 12000}, {""ask"": 0, ""bid"": 0, ""oi"": 0, ""option_type"": ""PE"", ""strike_price"": 107, ""oich"": 0}, {""ask"": 0, ""bid"": 0, ""oi"": 21000, ""option_type"": ""CE"", ""strike_price"": 108, ""oich"": 0}, {""ask"": 0, ""bid"": 0, ""oi"": 37000, ""option_type"": ""CE"", ""strike_price"": 109, ""oich"": 0}, {""ask"": 0, ""bid"": 0, ""oi"": 370000, ""option_type"": ""CE"", ""strike_price"": 110, ""oich"": -3000}, {""ask"": 0, ""bid"": 0, ""oi"": 1000, ""option_type"": ""PE"", ""strike_price"": 111, ""oich"": 0}, {""ask"": 0, ""bid"": 0, ""oi"": 71000, ""option_type"": ""CE"", ""strike_price"": 115, ""oich"": -5000}, {""ask"": 0, ""bid"": 0, ""oi"": 35000, ""option_type"": ""PE"", ""strike_price"": 115, ""oich"": 0}, {""ask"": 0, ""bid"": 0, ""oi"": 4000, ""option_type"": ""CE"", ""strike_price"": 116, ""oich"": 0}, {""ask"": 0, ""bid"": 0, ""oi"": 13000, ""option_type"": ""CE"", ""strike_price"": 118, ""oich"": 0}, {""ask"": 0, ""bid"": 0, ""oi"": 4000, ""option_type"": ""PE"", ""strike_price"": 118, ""oich"": 0}, {""ask"": 0, ""bid"": 0, ""oi"": 16000, ""option_type"": ""CE"", ""strike_price"": 122, ""oich"": 0}, {""ask"": 0, ""bid"": 0, ""oi"": 59000, ""option_type"": ""PE"", ""strike_price"": 122, ""oich"": 0}, {""ask"": 0, ""bid"": 0, ""oi"": 0, ""option_type"": ""CE"", ""strike_price"": 68, ""oich"": 0}, {""ask"": 0, ""bid"": 0, ""oi"": 7000, ""option_type"": ""PE"", ""strike_price"": 70, ""oich"": -1000}, {""ask"": 0, ""bid"": 0, ""oi"": 44000, ""option_type"": ""PE"", ""strike_price"": 72, ""oich"": 0}, {""ask"": 0, ""bid"": 0, ""oi"": 0, ""option_type"": ""CE"", ""strike_price"": 73, ""oich"": 0}, {""ask"": 0, ""bid"": 0, ""oi"": 1000, ""option_type"": ""PE"", ""strike_price"": 73, ""oich"": 0}, {""ask"": 0, ""bid"": 0, ""oi"": 64000, ""option_type"": ""PE"", ""strike_price"": 74, ""oich"": -14000}, {""ask"": 0, ""bid"": 0, ""oi"": 0, ""option_type"": ""PE"", ""strike_price"": 76, ""oich"": 0}, {""ask"": 0, ""bid"": 0, ""oi"": 0, ""option_type"": ""CE"", ""strike_price"": 77, ""oich"": 0}, {""ask"": 0, ""bid"": 0, ""oi"": 0, ""option_type"": ""PE"", ""strike_price"": 77, ""oich"": 0}, {""ask"": 0, ""bid"": 0, ""oi"": 19000, ""option_type"": ""CE"", ""strike_price"": 78, ""oich"": 19000}, {""ask"": 0, ""bid"": 0, ""oi"": 2000, ""option_type"": ""PE"", ""strike_price"": 78, ""oich"": 0}, {""ask"": 0, ""bid"": 0, ""oi"": 20000, ""option_type"": ""PE"", ""strike_price"": 79, ""oich"": 12000}, {""ask"": 0, ""bid"": 0, ""oi"": 0, ""option_type"": ""CE"", ""strike_price"": 81, ""oich"": 0}, {""ask"": 0, ""bid"": 0, ""oi"": 4000, ""option_type"": ""PE"", ""strike_price"": 81, ""oich"": 4000}, {""ask"": 0, ""bid"": 0, ""oi"": 56000, ""option_type"": ""PE"", ""strike_price"": 82, ""oich"": 19000}, {""ask"": 0, ""bid"": 0, ""oi"": 5000, ""option_type"": ""CE"", ""strike_price"": 84, ""oich"": 2000}, {""ask"": 0, ""bid"": 0, ""oi"": 124000, ""option_type"": ""CE"", ""strike_price"": 85, ""oich"": 7000}, {""ask"": 0, ""bid"": 0, ""oi"": 220000, ""option_type"": ""PE"", ""strike_price"": 85, ""oich"": -6000}, {""ask"": 0, ""bid"": 0, ""oi"": 127000, ""option_type"": ""CE"", ""strike_price"": 86, ""oich"": -22000}, {""ask"": 0, ""bid"": 0, ""oi"": 183000, ""option_type"": ""CE"", ""strike_price"": 88, ""oich"": 3000}, {""ask"": 0, ""bid"": 0, ""oi"": 17000, ""option_type"": ""CE"", ""strike_price"": 89, ""oich"": 7000}, {""ask"": 0, ""bid"": 0, ""oi"": 36000, ""option_type"": ""PE"", ""strike_price"": 89, ""oich"": -2000}, {""ask"": 0, ""bid"": 0, ""oi"": 252000, ""option_type"": ""PE"", ""strike_price"": 90, ""oich"": -53000}, {""ask"": 0, ""bid"": 0, ""oi"": 69000, ""option_type"": ""CE"", ""strike_price"": 91, ""oich"": 7000}, {""ask"": 0, ""bid"": 0, ""oi"": 77000, ""option_type"": ""CE"", ""strike_price"": 92, ""oich"": 22000}, {""ask"": 0, ""bid"": 0, ""oi"": 159000, ""option_type"": ""CE"", ""strike_price"": 93, ""oich"": -11000}, {""ask"": 0, ""bid"": 0, ""oi"": 535000, ""option_type"": ""CE"", ""strike_price"": 95, ""oich"": 0}]",2884000,2026-03-06
4970000,,,"[{""ask"": 0, ""bid"": 0, ""oi"": 48000, ""option_type"": ""PE"", ""strike_price"": 72, ""oich"": 4000}, {""ask"": 0, ""bid"": 0, ""oi"": 0, ""option_type"": ""CE"", ""strike_price"": 73, ""oich"": 0}, {""ask"": 0, ""bid"": 0, ""oi"": 0, ""option_type"": ""CE"", ""strike_price"": 79, ""oich"": 0}, {""ask"": 0, ""bid"": 0, ""oi"": 114000, ""option_type"": ""PE"", ""strike_price"": 84, ""oich"": 36000}, {""ask"": 0, ""bid"": 0, ""oi"": 229000, ""option_type"": ""PE"", ""strike_price"": 90, ""oich"": -23000}, {""ask"": 0, ""bid"": 0, ""oi"": 59000, ""option_type"": ""PE"", ""strike_price"": 122, ""oich"": 0}, {""ask"": 0, ""bid"": 0, ""oi"": 96000, ""option_type"": ""PE"", ""strike_price"": 82, ""oich"": 40000}, {""ask"": 0, ""bid"": 0, ""oi"": 41000, ""option_type"": ""CE"", ""strike_price"": 84, ""oich"": 36000}, {""ask"": 0, ""bid"": 0, ""oi"": 81000, ""option_type"": ""PE"", ""strike_price"": 94, ""oich"": -11000}, {""ask"": 0, ""bid"": 0, ""oi"": 48000, ""option_type"": ""PE"", ""strike_price"": 96, ""oich"": 0}, {""ask"": 0, ""bid"": 0, ""oi"": 2000, ""option_type"": ""CE"", ""strike_price"": 117, ""oich"": 1000}, {""ask"": 0, ""bid"": 0, ""oi"": 4000, ""option_type"": ""CE"", ""strike_price"": 116, ""oich"": 0}, {""ask"": 0, ""bid"": 0, ""oi"": 22000, ""option_type"": ""CE"", ""strike_price"": 106, ""oich"": 0}, {""ask"": 0, ""bid"": 0, ""oi"": 3000, ""option_type"": ""CE"", ""strike_price"": 104, ""oich"": 0}, {""ask"": 0, ""bid"": 0, ""oi"": 0, ""option_type"": ""PE"", ""strike_price"": 68, ""oich"": 0}, {""ask"": 0, ""bid"": 0, ""oi"": 24000, ""option_type"": ""PE"", ""strike_price"": 79, ""oich"": 4000}, {""ask"": 0, ""bid"": 0, ""oi"": 74000, ""option_type"": ""CE"", ""strike_price"": 103, ""oich"": -10000}, {""ask"": 0, ""bid"": 0, ""oi"": 102000, ""option_type"": ""PE"", ""strike_price"": 83, ""oich"": 67000}, {""ask"": 0, ""bid"": 0, ""oi"": 120000, ""option_type"": ""CE"", ""strike_price"": 86, ""oich"": -7000}, {""ask"": 0, ""bid"": 0, ""oi"": 79000, ""option_type"": ""CE"", ""strike_price"": 92, ""oich"": 2000}, {""ask"": 0, ""bid"": 0, ""oi"": 67000, ""option_type"": ""CE"", ""strike_price"": 91, ""oich"": -2000}, {""ask"": 0, ""bid"": 0, ""oi"": 68000, ""option_type"": ""PE"", ""strike_price"": 93, ""oich"": -1000}, {""ask"": 0, ""bid"": 0, ""oi"": 69000, ""option_type"": ""CE"", ""strike_price"": 115, ""oich"": -2000}, {""ask"": 0, ""bid"": 0, ""oi"": 0, ""option_type"": ""CE"", ""strike_price"": 77, ""oich"": 0}, {""ask"": 0, ""bid"": 0, ""oi"": 60000, ""option_type"": ""PE"", ""strike_price"": 74, ""oich"": -4000}, {""ask"": 0, ""bid"": 0, ""oi"": 0, ""option_type"": ""CE"", ""strike_price"": 70, ""oich"": 0}, {""ask"": 0, ""bid"": 0, ""oi"": 19000, ""option_type"": ""CE"", ""strike_price"": 78, ""oich"": 0}, {""ask"": 0, ""bid"": 0, ""oi"": 8000, ""option_type"": ""PE"", ""strike_price"": 108, ""oich"": -1000}, {""ask"": 0, ""bid"": 0, ""oi"": 100000, ""option_type"": ""CE"", ""strike_price"": 99, ""oich"": -12000}, {""ask"": 0, ""bid"": 0, ""oi"": 141000, ""option_type"": ""CE"", ""strike_price"": 85, ""oich"": 17000}, {""ask"": 0, ""bid"": 0, ""oi"": 58000, ""option_type"": ""CE"", ""strike_price"": 83, ""oich"": 56000}, {""ask"": 0, ""bid"": 0, ""oi"": 11000, ""option_type"": ""PE"", ""strike_price"": 81, ""oich"": 7000}, {""ask"": 0, ""bid"": 0, ""oi"": 12000, ""option_type"": ""PE"", ""strike_price"": 78, ""oich"": 10000}, {""ask"": 0, ""bid"": 0, ""oi"": 3000, ""option_type"": ""CE"", ""strike_price"": 112, ""oich"": 0}, {""ask"": 0, ""bid"": 0, ""oi"": 42000, ""option_type"": ""PE"", ""strike_price"": 75, ""oich"": 19000}, {""ask"": 0, ""bid"": 0, ""oi"": 364000, ""option_type"": ""CE"", ""strike_price"": 110, ""oich"": -6000}, {""ask"": 0, ""bid"": 0, ""oi"": 159000, ""option_type"": ""PE"", ""strike_price"": 88, ""oich"": -21000}, {""ask"": 0, ""bid"": 0, ""oi"": 0, ""option_type"": ""PE"", ""strike_price"": 106, ""oich"": 0}, {""ask"": 0, ""bid"": 0, ""oi"": 101000, ""option_type"": ""PE"", ""strike_price"": 110, ""oich"": 3000}, {""ask"": 0, ""bid"": 0, ""oi"": 35000, ""option_type"": ""PE"", ""strike_price"": 115, ""oich"": 0}, {""ask"": 0, ""bid"": 0, ""oi"": 17000, ""option_type"": ""CE"", ""strike_price"": 89, ""oich"": 0}, {""ask"": 0, ""bid"": 0, ""oi"": 0, ""option_type"": ""PE"", ""strike_price"": 76, ""oich"": 0}, {""ask"": 0, ""bid"": 0, ""oi"": 2000, ""option_type"": ""PE"", ""strike_price"": 112, ""oich"": 0}, {""ask"": 0, ""bid"": 0, ""oi"": 224000, ""option_type"": ""CE"", ""strike_price"": 98, ""oich"": 5000}, {""ask"": 0, ""bid"": 0, ""oi"": 88000, ""option_type"": ""CE"", ""strike_price"": 94, ""oich"": -14000}, {""ask"": 0, ""bid"": 0, ""oi"": 2000, ""option_type"": ""CE"", ""strike_price"": 81, ""oich"": 2000}, {""ask"": 0, ""bid"": 0, ""oi"": 0, ""option_type"": ""CE"", ""strike_price"": 76, ""oich"": 0}, {""ask"": 0, ""bid"": 0, ""oi"": 99000, ""option_type"": ""PE"", ""strike_price"": 105, ""oich"": -10000}, {""ask"": 0, ""bid"": 0, ""oi"": 53000, ""option_type"": ""CE"", ""strike_price"": 102, ""oich"": -1000}, {""ask"": 0, ""bid"": 0, ""oi"": 36000, ""option_type"": ""PE"", ""strike_price"": 89, ""oich"": 0}, {""ask"": 0, ""bid"": 0, ""oi"": 21000, ""option_type"": ""PE"", ""strike_price"": 73, ""oich"": 20000}, {""ask"": 0, ""bid"": 0, ""oi"": 45000, ""option_type"": ""CE"", ""strike_price"": 82, ""oich"": 44000}, {""ask"": 0, ""bid"": 0, ""oi"": 108000, ""option_type"": ""PE"", ""strike_price"": 86, ""oich"": -40000}, {""ask"": 0, ""bid"": 0, ""oi"": 38000, ""option_type"": ""PE"", ""strike_price"": 91, ""oich"": 0}, {""ask"": 0, ""bid"": 0, ""oi"": 54000, ""option_type"": ""CE"", ""strike_price"": 120, ""oich"": -3000}, {""ask"": 0, ""bid"": 0, ""oi"": 4000, ""option_type"": ""PE"", ""strike_price"": 118, ""oich"": 0}, {""ask"": 0, ""bid"": 0, ""oi"": 0, ""option_type"": ""PE"", ""strike_price"": 77, ""oich"": 0}, {""ask"": 0, ""bid"": 0, ""oi"": 14000, ""option_type"": ""CE"", ""strike_price"": 80, ""oich"": 3000}, {""ask"": 0, ""bid"": 0, ""oi"": 234000, ""option_type"": ""CE"", ""strike_price"": 87, ""oich"": 4000}, {""ask"": 0, ""bid"": 0, ""oi"": 79000, ""option_type"": ""PE"", ""strike_price"": 87, ""oich"": -66000}, {""ask"": 0, ""bid"": 0, ""oi"": 551000, ""option_type"": ""CE"", ""strike_price"": 95, ""oich"": 16000}, {""ask"": 0, ""bid"": 0, ""oi"": 273000, ""option_type"": ""CE"", ""strike_price"": 97, ""oich"": 1000}, {""ask"": 0, ""bid"": 0, ""oi"": 1000, ""option_type"": ""PE"", ""strike_price"": 111, ""oich"": 0}, {""ask"": 0, ""bid"": 0, ""oi"": 88000, ""option_type"": ""PE"", ""strike_price"": 120, ""oich"": 0}, {""ask"": 0, ""bid"": 0, ""oi"": 37000, ""option_type"": ""CE"", ""strike_price"": 109, ""oich"": 0}, {""ask"": 0, ""bid"": 0, ""oi"": 7000, ""option_type"": ""PE"", ""strike_price"": 70, ""oich"": 0}, {""ask"": 0, ""bid"": 0, ""oi"": 198000, ""option_type"": ""PE"", ""strike_price"": 80, ""oich"": 18000}, {""ask"": 0, ""bid"": 0, ""oi"": 307000, ""option_type"": ""CE"", ""strike_price"": 90, ""oich"": -81000}, {""ask"": 0, ""bid"": 0, ""oi"": 226000, ""option_type"": ""PE"", ""strike_price"": 95, ""oich"": -7000}, {""ask"": 0, ""bid"": 0, ""oi"": 44000, ""option_type"": ""PE"", ""strike_price"": 99, ""oich"": 0}, {""ask"": 0, ""bid"": 0, ""oi"": 47000, ""option_type"": ""PE"", ""strike_price"": 101, ""oich"": -1000}, {""ask"": 0, ""bid"": 0, ""oi"": 12000, ""option_type"": ""PE"", ""strike_price"": 104, ""oich"": -1000}, {""ask"": 0, ""bid"": 0, ""oi"": 0, ""option_type"": ""CE"", ""strike_price"": 68, ""oich"": 0}, {""ask"": 0, ""bid"": 0, ""oi"": 369000, ""option_type"": ""CE"", ""strike_price"": 105, ""oich"": -56000}, {""ask"": 0, ""bid"": 0, ""oi"": 0, ""option_type"": ""CE"", ""strike_price"": 72, ""oich"": 0}, {""ask"": 0, ""bid"": 0, ""oi"": 4000, ""option_type"": ""CE"", ""strike_price"": 74, ""oich"": 0}, {""ask"": 0, ""bid"": 0, ""oi"": 52000, ""option_type"": ""PE"", ""strike_price"": 92, ""oich"": 0}, {""ask"": 0, ""bid"": 0, ""oi"": 22000, ""option_type"": ""PE"", ""strike_price"": 97, ""oich"": 0}, {""ask"": 0, ""bid"": 0, ""oi"": 31000, ""option_type"": ""PE"", ""strike_price"": 98, ""oich"": 0}, {""ask"": 0, ""bid"": 0, ""oi"": 272000, ""option_type"": ""PE"", ""strike_price"": 100, ""oich"": 0}, {""ask"": 0, ""bid"": 0, ""oi"": 39000, ""option_type"": ""CE"", ""strike_price"": 101, ""oich"": -11000}, {""ask"": 0, ""bid"": 0, ""oi"": 14000, ""option_type"": ""PE"", ""strike_price"": 102, ""oich"": 0}, {""ask"": 0, ""bid"": 0, ""oi"": 8000, ""option_type"": ""PE"", ""strike_price"": 103, ""oich"": 0}, {""ask"": 0, ""bid"": 0, ""oi"": 0, ""option_type"": ""PE"", ""strike_price"": 107, ""oich"": 0}, {""ask"": 0, ""bid"": 0, ""oi"": 16000, ""option_type"": ""CE"", ""strike_price"": 122, ""oich"": 0}, {""ask"": 0, ""bid"": 0, ""oi"": 137000, ""option_type"": ""CE"", ""strike_price"": 93, ""oich"": -22000}, {""ask"": 0, ""bid"": 0, ""oi"": 134000, ""option_type"": ""CE"", ""strike_price"": 96, ""oich"": 0}, {""ask"": 0, ""bid"": 0, ""oi"": 29000, ""option_type"": ""CE"", ""strike_price"": 107, ""oich"": 0}, {""ask"": 0, ""bid"": 0, ""oi"": 21000, ""option_type"": ""CE"", ""strike_price"": 108, ""oich"": 0}, {""ask"": 0, ""bid"": 0, ""oi"": 169000, ""option_type"": ""CE"", ""strike_price"": 88, ""oich"": -14000}, {""ask"": 0, ""bid"": 0, ""oi"": 0, ""option_type"": ""CE"", ""strike_price"": 75, ""oich"": 0}, {""ask"": 0, ""bid"": 0, ""oi"": 207000, ""option_type"": ""PE"", ""strike_price"": 85, ""oich"": -13000}, {""ask"": 0, ""bid"": 0, ""oi"": 974000, ""option_type"": ""CE"", ""strike_price"": 100, ""oich"": -57000}, {""ask"": 0, ""bid"": 0, ""oi"": 13000, ""option_type"": ""CE"", ""strike_price"": 118, ""oich"": 0}]",2913000,2026-03-09
4919000,,,"[{""ask"": 0, ""bid"": 0, ""oi"": 48000, ""option_type"": ""PE"", ""strike_price"": 72, ""oich"": 0}, {""ask"": 0, ""bid"": 0, ""oi"": 0, ""option_type"": ""CE"", ""strike_price"": 73, ""oich"": 0}, {""ask"": 0, ""bid"": 0, ""oi"": 0, ""option_type"": ""CE"", ""strike_price"": 79, ""oich"": 0}, {""ask"": 0, ""bid"": 0, ""oi"": 166000, ""option_type"": ""PE"", ""strike_price"": 84, ""oich"": 52000}, {""ask"": 0, ""bid"": 0, ""oi"": 211000, ""option_type"": ""PE"", ""strike_price"": 90, ""oich"": -18000}, {""ask"": 0, ""bid"": 0, ""oi"": 59000, ""option_type"": ""PE"", ""strike_price"": 122, ""oich"": 0}, {""ask"": 0, ""bid"": 0, ""oi"": 50000, ""option_type"": ""CE"", ""strike_price"": 82, ""oich"": 5000}, {""ask"": 0, ""bid"": 0, ""oi"": 22000, ""option_type"": ""PE"", ""strike_price"": 73, ""oich"": 1000}, {""ask"": 0, ""bid"": 0, ""oi"": 32000, ""option_type"": ""PE"", ""strike_price"": 89, ""oich"": -4000}, {""ask"": 0, ""bid"": 0, ""oi"": 38000, ""option_type"": ""PE"", ""strike_price"": 91, ""oich"": 0}, {""ask"": 0, ""bid"": 0, ""oi"": 37000, ""option_type"": ""CE"", ""strike_price"": 102, ""oich"": -16000}, {""ask"": 0, ""bid"": 0, ""oi"": 98000, ""option_type"": ""PE"", ""strike_price"": 105, ""oich"": -1000}, {""ask"": 0, ""bid"": 0, ""oi"": 4000, ""option_type"": ""PE"", ""strike_price"": 118, ""oich"": 0}, {""ask"": 0, ""bid"": 0, ""oi"": 116000, ""option_type"": ""PE"", ""strike_price"": 86, ""oich"": 8000}, {""ask"": 0, ""bid"": 0, ""oi"": 65000, ""option_type"": ""CE"", ""strike_price"": 120, ""oich"": 11000}, {""ask"": 0, ""bid"": 0, ""oi"": 0, ""option_type"": ""CE"", ""strike_price"": 75, ""oich"": 0}, {""ask"": 0, ""bid"": 0, ""oi"": 198000, ""option_type"": ""PE"", ""strike_price"": 85, ""oich"": -9000}, {""ask"": 0, ""bid"": 0, ""oi"": 168000, ""option_type"": ""CE"", ""strike_price"": 88, ""oich"": -1000}, {""ask"": 0, ""bid"": 0, ""oi"": 943000, ""option_type"": ""CE"", ""strike_price"": 100, ""oich"": -31000}, {""ask"": 0, ""bid"": 0, ""oi"": 13000, ""option_type"": ""CE"", ""strike_price"": 118, ""oich"": 0}, {""ask"": 0, ""bid"": 0, ""oi"": 3000, ""option_type"": ""CE"", ""strike_price"": 112, ""oich"": 0}, {""ask"": 0, ""bid"": 0, ""oi"": 74000, ""option_type"": ""PE"", ""strike_price"": 75, ""oich"": 32000}, {""ask"": 0, ""bid"": 0, ""oi"": 12000, ""option_type"": ""PE"", ""strike_price"": 78, ""oich"": 0}, {""ask"": 0, ""bid"": 0, ""oi"": 11000, ""option_type"": ""PE"", ""strike_price"": 81, ""oich"": 0}, {""ask"": 0, ""bid"": 0, ""oi"": 61000, ""option_type"": ""CE"", ""strike_price"": 83, ""oich"": 3000}, {""ask"": 0, ""bid"": 0, ""oi"": 135000, ""option_type"": ""CE"", ""strike_price"": 85, ""oich"": -6000}, {""ask"": 0, ""bid"": 0, ""oi"": 99000, ""option_type"": ""CE"", ""strike_price"": 99, ""oich"": -1000}, {""ask"": 0, ""bid"": 0, ""oi"": 8000, ""option_type"": ""PE"", ""strike_price"": 108, ""oich"": 0}, {""ask"": 0, ""bid"": 0, ""oi"": 362000, ""option_type"": ""CE"", ""strike_price"": 110, ""oich"": -2000}, {""ask"": 0, ""bid"": 0, ""oi"": 0, ""option_type"": ""PE"", ""strike_price"": 68, ""oich"": 0}, {""ask"": 0, ""bid"": 0, ""oi"": 23000, ""option_type"": ""PE"", ""strike_price"": 79, ""oich"": -1000}, {""ask"": 0, ""bid"": 0, ""oi"": 129000, ""option_type"": ""PE"", ""strike_price"": 82, ""oich"": 33000}, {""ask"": 0, ""bid"": 0, ""oi"": 36000, ""option_type"": ""CE"", ""strike_price"": 84, ""oich"": -5000}, {""ask"": 0, ""bid"": 0, ""oi"": 81000, ""option_type"": ""PE"", ""strike_price"": 94, ""oich"": 0}, {""ask"": 0, ""bid"": 0, ""oi"": 48000, ""option_type"": ""PE"", ""strike_price"": 96, ""oich"": 0}, {""ask"": 0, ""bid"": 0, ""oi"": 3000, ""option_type"": ""CE"", ""strike_price"": 104, ""oich"": 0}, {""ask"": 0, ""bid"": 0, ""oi"": 22000, ""option_type"": ""CE"", ""strike_price"": 106, ""oich"": 0}, {""ask"": 0, ""bid"": 0, ""oi"": 4000, ""option_type"": ""CE"", ""strike_price"": 116, ""oich"": 0}, {""ask"": 0, ""bid"": 0, ""oi"": 2000, ""option_type"": ""CE"", ""strike_price"": 117, ""oich"": 0}, {""ask"": 0, ""bid"": 0, ""oi"": 89000, ""option_type"": ""CE"", ""strike_price"": 94, ""oich"": 1000}, {""ask"": 0, ""bid"": 0, ""oi"": 0, ""option_type"": ""CE"", ""strike_price"": 76, ""oich"": 0}, {""ask"": 0, ""bid"": 0, ""oi"": 228000, ""option_type"": ""CE"", ""strike_price"": 98, ""oich"": 4000}, {""ask"": 0, ""bid"": 0, ""oi"": 2000, ""option_type"": ""PE"", ""strike_price"": 112, ""oich"": 0}, {""ask"": 0, ""bid"": 0, ""oi"": 2000, ""option_type"": ""CE"", ""strike_price"": 81, ""oich"": 0}, {""ask"": 0, ""bid"": 0, ""oi"": 88000, ""option_type"": ""PE"", ""strike_price"": 120, ""oich"": 0}, {""ask"": 0, ""bid"": 0, ""oi"": 37000, ""option_type"": ""CE"", ""strike_price"": 109, ""oich"": 0}, {""ask"": 0, ""bid"": 0, ""oi"": 366000, ""option_type"": ""CE"", ""strike_price"": 105, ""oich"": -3000}, {""ask"": 0, ""bid"": 0, ""oi"": 12000, ""option_type"": ""PE"", ""strike_price"": 104, ""oich"": 0}, {""ask"": 0, ""bid"": 0, ""oi"": 47000, ""option_type"": ""PE"", ""strike_price"": 101, ""oich"": 0}, {""ask"": 0, ""bid"": 0, ""oi"": 39000, ""option_type"": ""PE"", ""strike_price"": 99, ""oich"": -5000}, {""ask"": 0, ""bid"": 0, ""oi"": 220000, ""option_type"": ""PE"", ""strike_price"": 95, ""oich"": -6000}, {""ask"": 0, ""bid"": 0, ""oi"": 312000, ""option_type"": ""CE"", ""strike_price"": 90, ""oich"": 5000}, {""ask"": 0, ""bid"": 0, ""oi"": 231000, ""option_type"": ""PE"", ""strike_price"": 80, ""oich"": 33000}, {""ask"": 0, ""bid"": 0, ""oi"": 7000, ""option_type"": ""PE"", ""strike_price"": 70, ""oich"": 0}, {""ask"": 0, ""bid"": 0, ""oi"": 25000, ""option_type"": ""CE"", ""strike_price"": 68, ""oich"": 25000}, {""ask"": 0, ""bid"": 0, ""oi"": 0, ""option_type"": ""CE"", ""strike_price"": 66, ""oich"": 0}, {""ask"": 0, ""bid"": 0, ""oi"": 80000, ""option_type"": ""CE"", ""strike_price"": 91, ""oich"": 13000}, {""ask"": 0, ""bid"": 0, ""oi"": 124000, ""option_type"": ""CE"", ""strike_price"": 86, ""oich"": 4000}, {""ask"": 0, ""bid"": 0, ""oi"": 111000, ""option_type"": ""PE"", ""strike_price"": 83, ""oich"": 9000}, {""ask"": 0, ""bid"": 0, ""oi"": 19000, ""option_type"": ""CE"", ""strike_price"": 78, ""oich"": 0}, {""ask"": 0, ""bid"": 0, ""oi"": 0, ""option_type"": ""CE"", ""strike_price"": 77, ""oich"": 0}, {""ask"": 0, ""bid"": 0, ""oi"": 52000, ""option_type"": ""PE"", ""strike_price"": 74, ""oich"": -8000}, {""ask"": 0, ""bid"": 0, ""oi"": 0, ""option_type"": ""CE"", ""strike_price"": 70, ""oich"": 0}, {""ask"": 0, ""bid"": 0, ""oi"": 69000, ""option_type"": ""CE"", ""strike_price"": 115, ""oich"": 0}, {""ask"": 0, ""bid"": 0, ""oi"": 49000, ""option_type"": ""CE"", ""strike_price"": 103, ""oich"": -25000}, {""ask"": 0, ""bid"": 0, ""oi"": 68000, ""option_type"": ""PE"", ""strike_price"": 93, ""oich"": 0}, {""ask"": 0, ""bid"": 0, ""oi"": 97000, ""option_type"": ""CE"", ""strike_price"": 92, ""oich"": 18000}, {""ask"": 0, ""bid"": 0, ""oi"": 16000, ""option_type"": ""CE"", ""strike_price"": 108, ""oich"": -5000}, {""ask"": 0, ""bid"": 0, ""oi"": 132000, ""option_type"": ""CE"", ""strike_price"": 96, ""oich"": -2000}, {""ask"": 0, ""bid"": 0, ""oi"": 146000, ""option_type"": ""CE"", ""strike_price"": 93, ""oich"": 9000}, {""ask"": 0, ""bid"": 0, ""oi"": 29000, ""option_type"": ""CE"", ""strike_price"": 107, ""oich"": 0}, {""ask"": 0, ""bid"": 0, ""oi"": 0, ""option_type"": ""PE"", ""strike_price"": 66, ""oich"": 0}, {""ask"": 0, ""bid"": 0, ""oi"": 1000, ""option_type"": ""PE"", ""strike_price"": 111, ""oich"": 0}, {""ask"": 0, ""bid"": 0, ""oi"": 274000, ""option_type"": ""CE"", ""strike_price"": 97, ""oich"": 1000}, {""ask"": 0, ""bid"": 0, ""oi"": 491000, ""option_type"": ""CE"", ""strike_price"": 95, ""oich"": -60000}, {""ask"": 0, ""bid"": 0, ""oi"": 265000, ""option_type"": ""PE"", ""strike_price"": 87, ""oich"": 186000}, {""ask"": 0, ""bid"": 0, ""oi"": 234000, ""option_type"": ""CE"", ""strike_price"": 87, ""oich"": 0}, {""ask"": 0, ""bid"": 0, ""oi"": 12000, ""option_type"": ""CE"", ""strike_price"": 80, ""oich"": -2000}, {""ask"": 0, ""bid"": 0, ""oi"": 0, ""option_type"": ""PE"", ""strike_price"": 77, ""oich"": 0}, {""ask"": 0, ""bid"": 0, ""oi"": 35000, ""option_type"": ""PE"", ""strike_price"": 115, ""oich"": 0}, {""ask"": 0, ""bid"": 0, ""oi"": 101000, ""option_type"": ""PE"", ""strike_price"": 110, ""oich"": 0}, {""ask"": 0, ""bid"": 0, ""oi"": 0, ""option_type"": ""PE"", ""strike_price"": 106, ""oich"": 0}, {""ask"": 0, ""bid"": 0, ""oi"": 29000, ""option_type"": ""CE"", ""strike_price"": 89, ""oich"": 12000}, {""ask"": 0, ""bid"": 0, ""oi"": 150000, ""option_type"": ""PE"", ""strike_price"": 88, ""oich"": -9000}, {""ask"": 0, ""bid"": 0, ""oi"": 0, ""option_type"": ""PE"", ""strike_price"": 76, ""oich"": 0}, {""ask"": 0, ""bid"": 0, ""oi"": 16000, ""option_type"": ""CE"", ""strike_price"": 122, ""oich"": 0}, {""ask"": 0, ""bid"": 0, ""oi"": 0, ""option_type"": ""PE"", ""strike_price"": 107, ""oich"": 0}, {""ask"": 0, ""bid"": 0, ""oi"": 8000, ""option_type"": ""PE"", ""strike_price"": 103, ""oich"": 0}, {""ask"": 0, ""bid"": 0, ""oi"": 14000, ""option_type"": ""PE"", ""strike_price"": 102, ""oich"": 0}, {""ask"": 0, ""bid"": 0, ""oi"": 36000, ""option_type"": ""CE"", ""strike_price"": 101, ""oich"": -3000}, {""ask"": 0, ""bid"": 0, ""oi"": 4000, ""option_type"": ""CE"", ""strike_price"": 74, ""oich"": 0}, {""ask"": 0, ""bid"": 0, ""oi"": 0, ""option_type"": ""CE"", ""strike_price"": 72, ""oich"": 0}, {""ask"": 0, ""bid"": 0, ""oi"": 256000, ""option_type"": ""PE"", ""strike_price"": 100, ""oich"": -16000}, {""ask"": 0, ""bid"": 0, ""oi"": 27000, ""option_type"": ""PE"", ""strike_price"": 98, ""oich"": -4000}, {""ask"": 0, ""bid"": 0, ""oi"": 22000, ""option_type"": ""PE"", ""strike_price"": 97, ""oich"": 0}, {""ask"": 0, ""bid"": 0, ""oi"": 51000, ""option_type"": ""PE"", ""strike_price"": 92, ""oich"": -1000}]",3185000,2026-03-10
4904000,,,"[{""ask"": 0, ""bid"": 0, ""oi"": 0, ""option_type"": ""PE"", ""strike_price"": 66, ""oich"": 0}, {""ask"": 0, ""bid"": 0, ""oi"": 142000, ""option_type"": ""CE"", ""strike_price"": 93, ""oich"": -4000}, {""ask"": 0, ""bid"": 0, ""oi"": 128000, ""option_type"": ""CE"", ""strike_price"": 96, ""oich"": -4000}, {""ask"": 0, ""bid"": 0, ""oi"": 29000, ""option_type"": ""CE"", ""strike_price"": 107, ""oich"": 0}, {""ask"": 0, ""bid"": 0, ""oi"": 16000, ""option_type"": ""CE"", ""strike_price"": 108, ""oich"": 0}, {""ask"": 0, ""bid"": 0, ""oi"": 0, ""option_type"": ""CE"", ""strike_price"": 66, ""oich"": 0}, {""ask"": 0, ""bid"": 0, ""oi"": 25000, ""option_type"": ""CE"", ""strike_price"": 68, ""oich"": 0}, {""ask"": 0, ""bid"": 0, ""oi"": 7000, ""option_type"": ""PE"", ""strike_price"": 70, ""oich"": 0}, {""ask"": 0, ""bid"": 0, ""oi"": 242000, ""option_type"": ""PE"", ""strike_price"": 80, ""oich"": 11000}, {""ask"": 0, ""bid"": 0, ""oi"": 318000, ""option_type"": ""CE"", ""strike_price"": 90, ""oich"": 6000}, {""ask"": 0, ""bid"": 0, ""oi"": 38000, ""option_type"": ""PE"", ""strike_price"": 99, ""oich"": -1000}, {""ask"": 0, ""bid"": 0, ""oi"": 47000, ""option_type"": ""PE"", ""strike_price"": 101, ""oich"": 0}, {""ask"": 0, ""bid"": 0, ""oi"": 12000, ""option_type"": ""PE"", ""strike_price"": 104, ""oich"": 0}, {""ask"": 0, ""bid"": 0, ""oi"": 379000, ""option_type"": ""CE"", ""strike_price"": 105, ""oich"": 13000}, {""ask"": 0, ""bid"": 0, ""oi"": 37000, ""option_type"": ""CE"", ""strike_price"": 109, ""oich"": 0}, {""ask"": 0, ""bid"": 0, ""oi"": 88000, ""option_type"": ""PE"", ""strike_price"": 120, ""oich"": 0}, {""ask"": 0, ""bid"": 0, ""oi"": 218000, ""option_type"": ""PE"", ""strike_price"": 95, ""oich"": -2000}, {""ask"": 0, ""bid"": 0, ""oi"": 235000, ""option_type"": ""CE"", ""strike_price"": 87, ""oich"": 1000}, {""ask"": 0, ""bid"": 0, ""oi"": 252000, ""option_type"": ""PE"", ""strike_price"": 87, ""oich"": -13000}, {""ask"": 0, ""bid"": 0, ""oi"": 506000, ""option_type"": ""CE"", ""strike_price"": 95, ""oich"": 15000}, {""ask"": 0, ""bid"": 0, ""oi"": 273000, ""option_type"": ""CE"", ""strike_price"": 97, ""oich"": -1000}, {""ask"": 0, ""bid"": 0, ""oi"": 1000, ""option_type"": ""PE"", ""strike_price"": 111, ""oich"": 0}, {""ask"": 0, ""bid"": 0, ""oi"": 0, ""option_type"": ""PE"", ""strike_price"": 77, ""oich"": 0}, {""ask"": 0, ""bid"": 0, ""oi"": 12000, ""option_type"": ""CE"", ""strike_price"": 80, ""oich"": 0}, {""ask"": 0, ""bid"": 0, ""oi"": 36000, ""option_type"": ""CE"", ""strike_price"": 84, ""oich"": 0}, {""ask"": 0, ""bid"": 0, ""oi"": 126000, ""option_type"": ""PE"", ""strike_price"": 82, ""oich"": -3000}, {""ask"": 0, ""bid"": 0, ""oi"": 18000, ""option_type"": ""PE"", ""strike_price"": 79, ""oich"": -5000}, {""ask"": 0, ""bid"": 0, ""oi"": 0, ""option_type"": ""PE"", ""strike_price"": 68, ""oich"": 0}, {""ask"": 0, ""bid"": 0, ""oi"": 2000, ""option_type"": ""CE"", ""strike_price"": 117, ""oich"": 0}, {""ask"": 0, ""bid"": 0, ""oi"": 4000, ""option_type"": ""CE"", ""strike_price"": 116, ""oich"": 0}, {""ask"": 0, ""bid"": 0, ""oi"": 22000, ""option_type"": ""CE"", ""strike_price"": 106, ""oich"": 0}, {""ask"": 0, ""bid"": 0, ""oi"": 3000, ""option_type"": ""CE"", ""strike_price"": 104, ""oich"": 0}, {""ask"": 0, ""bid"": 0, ""oi"": 67000, ""option_type"": ""CE"", ""strike_price"": 115, ""oich"": -2000}, {""ask"": 0, ""bid"": 0, ""oi"": 0, ""option_type"": ""CE"", ""strike_price"": 70, ""oich"": 0}, {""ask"": 0, ""bid"": 0, ""oi"": 50000, ""option_type"": ""PE"", ""strike_price"": 74, ""oich"": -2000}, {""ask"": 0, ""bid"": 0, ""oi"": 0, ""option_type"": ""CE"", ""strike_price"": 77, ""oich"": 0}, {""ask"": 0, ""bid"": 0, ""oi"": 19000, ""option_type"": ""CE"", ""strike_price"": 78, ""oich"": 0}, {""ask"": 0, ""bid"": 0, ""oi"": 109000, ""option_type"": ""PE"", ""strike_price"": 83, ""oich"": -2000}, {""ask"": 0, ""bid"": 0, ""oi"": 103000, ""option_type"": ""CE"", ""strike_price"": 86, ""oich"": -21000}, {""ask"": 0, ""bid"": 0, ""oi"": 77000, ""option_type"": ""CE"", ""strike_price"": 91, ""oich"": -3000}, {""ask"": 0, ""bid"": 0, ""oi"": 107000, ""option_type"": ""CE"", ""strike_price"": 92, ""oich"": 10000}, {""ask"": 0, ""bid"": 0, ""oi"": 63000, ""option_type"": ""PE"", ""strike_price"": 93, ""oich"": -5000}, {""ask"": 0, ""bid"": 0, ""oi"": 49000, ""option_type"": ""CE"", ""strike_price"": 103, ""oich"": 0}, {""ask"": 0, ""bid"": 0, ""oi"": 48000, ""option_type"": ""PE"", ""strike_price"": 72, ""oich"": 0}, {""ask"": 0, ""bid"": 0, ""oi"": 0, ""option_type"": ""CE"", ""strike_price"": 73, ""oich"": 0}, {""ask"": 0, ""bid"": 0, ""oi"": 0, ""option_type"": ""CE"", ""strike_price"": 79, ""oich"": 0}, {""ask"": 0, ""bid"": 0, ""oi"": 118000, ""option_type"": ""PE"", ""strike_price"": 84, ""oich"": -48000}, {""ask"": 0, ""bid"": 0, ""oi"": 235000, ""option_type"": ""PE"", ""strike_price"": 90, ""oich"": 24000}, {""ask"": 0, ""bid"": 0, ""oi"": 59000, ""option_type"": ""PE"", ""strike_price"": 122, ""oich"": 0}, {""ask"": 0, ""bid"": 0, ""oi"": 22000, ""option_type"": ""PE"", ""strike_price"": 73, ""oich"": 0}, {""ask"": 0, ""bid"": 0, ""oi"": 32000, ""option_type"": ""CE"", ""strike_price"": 82, ""oich"": -18000}, {""ask"": 0, ""bid"": 0, ""oi"": 115000, ""option_type"": ""PE"", ""strike_price"": 86, ""oich"": -1000}, {""ask"": 0, ""bid"": 0, ""oi"": 180000, ""option_type"": ""PE"", ""strike_price"": 89, ""oich"": 148000}, {""ask"": 0, ""bid"": 0, ""oi"": 37000, ""option_type"": ""PE"", ""strike_price"": 91, ""oich"": -1000}, {""ask"": 0, ""bid"": 0, ""oi"": 37000, ""option_type"": ""CE"", ""strike_price"": 102, ""oich"": 0}, {""ask"": 0, ""bid"": 0, ""oi"": 98000, ""option_type"": ""PE"", ""strike_price"": 105, ""oich"": 0}, {""ask"": 0, ""bid"": 0, ""oi"": 4000, ""option_type"": ""PE"", ""strike_price"": 118, ""oich"": 0}, {""ask"": 0, ""bid"": 0, ""oi"": 70000, ""option_type"": ""CE"", ""strike_price"": 120, ""oich"": 5000}, {""ask"": 0, ""bid"": 0, ""oi"": 179000, ""option_type"": ""CE"", ""strike_price"": 88, ""oich"": 11000}, {""ask"": 0, ""bid"": 0, ""oi"": 189000, ""option_type"": ""PE"", ""strike_price"": 85, ""oich"": -9000}, {""ask"": 0, ""bid"": 0, ""oi"": 0, ""option_type"": ""CE"", ""strike_price"": 75, ""oich"": 0}, {""ask"": 0, ""bid"": 0, ""oi"": 13000, ""option_type"": ""CE"", ""strike_price"": 118, ""oich"": 0}, {""ask"": 0, ""bid"": 0, ""oi"": 953000, ""option_type"": ""CE"", ""strike_price"": 100, ""oich"": 10000}, {""ask"": 0, ""bid"": 0, ""oi"": 0, ""option_type"": ""CE"", ""strike_price"": 72, ""oich"": 0}, {""ask"": 0, ""bid"": 0, ""oi"": 4000, ""option_type"": ""CE"", ""strike_price"": 74, ""oich"": 0}, {""ask"": 0, ""bid"": 0, ""oi"": 50000, ""option_type"": ""PE"", ""strike_price"": 92, ""oich"": -1000}, {""ask"": 0, ""bid"": 0, ""oi"": 22000, ""option_type"": ""PE"", ""strike_price"": 97, ""oich"": 0}, {""ask"": 0, ""bid"": 0, ""oi"": 25000, ""option_type"": ""PE"", ""strike_price"": 98, ""oich"": -2000}, {""ask"": 0, ""bid"": 0, ""oi"": 254000, ""option_type"": ""PE"", ""strike_price"": 100, ""oich"": -2000}, {""ask"": 0, ""bid"": 0, ""oi"": 37000, ""option_type"": ""CE"", ""strike_price"": 101, ""oich"": 1000}, {""ask"": 0, ""bid"": 0, ""oi"": 14000, ""option_type"": ""PE"", ""strike_price"": 102, ""oich"": 0}, {""ask"": 0, ""bid"": 0, ""oi"": 8000, ""option_type"": ""PE"", ""strike_price"": 103, ""oich"": 0}, {""ask"": 0, ""bid"": 0, ""oi"": 0, ""option_type"": ""PE"", ""strike_price"": 107, ""oich"": 0}, {""ask"": 0, ""bid"": 0, ""oi"": 16000, ""option_type"": ""CE"", ""strike_price"": 122, ""oich"": 0}, {""ask"": 0, ""bid"": 0, ""oi"": 0, ""option_type"": ""PE"", ""strike_price"": 76, ""oich"": 0}, {""ask"": 0, ""bid"": 0, ""oi"": 138000, ""option_type"": ""PE"", ""strike_price"": 88, ""oich"": -12000}, {""ask"": 0, ""bid"": 0, ""oi"": 26000, ""option_type"": ""CE"", ""strike_price"": 89, ""oich"": -3000}, {""ask"": 0, ""bid"": 0, ""oi"": 0, ""option_type"": ""PE"", ""strike_price"": 106, ""oich"": 0}, {""ask"": 0, ""bid"": 0, ""oi"": 101000, ""option_type"": ""PE"", ""strike_price"": 110, ""oich"": 0}, {""ask"": 0, ""bid"": 0, ""oi"": 35000, ""option_type"": ""PE"", ""strike_price"": 115, ""oich"": 0}, {""ask"": 0, ""bid"": 0, ""oi"": 2000, ""option_type"": ""PE"", ""strike_price"": 112, ""oich"": 0}, {""ask"": 0, ""bid"": 0, ""oi"": 227000, ""option_type"": ""CE"", ""strike_price"": 98, ""oich"": -1000}, {""ask"": 0, ""bid"": 0, ""oi"": 89000, ""option_type"": ""CE"", ""strike_price"": 94, ""oich"": 0}, {""ask"": 0, ""bid"": 0, ""oi"": 2000, ""option_type"": ""CE"", ""strike_price"": 81, ""oich"": 0}, {""ask"": 0, ""bid"": 0, ""oi"": 0, ""option_type"": ""CE"", ""strike_price"": 76, ""oich"": 0}, {""ask"": 0, ""bid"": 0, ""oi"": 70000, ""option_type"": ""PE"", ""strike_price"": 94, ""oich"": -11000}, {""ask"": 0, ""bid"": 0, ""oi"": 48000, ""option_type"": ""PE"", ""strike_price"": 96, ""oich"": 0}, {""ask"": 0, ""bid"": 0, ""oi"": 80000, ""option_type"": ""PE"", ""strike_price"": 75, ""oich"": 6000}, {""ask"": 0, ""bid"": 0, ""oi"": 12000, ""option_type"": ""PE"", ""strike_price"": 78, ""oich"": 0}, {""ask"": 0, ""bid"": 0, ""oi"": 11000, ""option_type"": ""PE"", ""strike_price"": 81, ""oich"": 0}, {""ask"": 0, ""bid"": 0, ""oi"": 60000, ""option_type"": ""CE"", ""strike_price"": 83, ""oich"": -1000}, {""ask"": 0, ""bid"": 0, ""oi"": 120000, ""option_type"": ""CE"", ""strike_price"": 85, ""oich"": -15000}, {""ask"": 0, ""bid"": 0, ""oi"": 98000, ""option_type"": ""CE"", ""strike_price"": 99, ""oich"": -1000}, {""ask"": 0, ""bid"": 0, ""oi"": 8000, ""option_type"": ""PE"", ""strike_price"": 108, ""oich"": 0}, {""ask"": 0, ""bid"": 0, ""oi"": 349000, ""option_type"": ""CE"", ""strike_price"": 110, ""oich"": -13000}, {""ask"": 0, ""bid"": 0, ""oi"": 3000, ""option_type"": ""CE"", ""strike_price"": 112, ""oich"": 0}]",3254000,2026-03-11
4988000,,,"[{""ask"": 0, ""bid"": 0, ""oi"": 100000, ""option_type"": ""CE"", ""strike_price"": 86, ""oich"": -3000}, {""ask"": 0, ""bid"": 0, ""oi"": 0, ""option_type"": ""CE"", ""strike_price"": 70, ""oich"": 0}, {""ask"": 0, ""bid"": 0, ""oi"": 48000, ""option_type"": ""PE"", ""strike_price"": 74, ""oich"": -2000}, {""ask"": 0, ""bid"": 0, ""oi"": 0, ""option_type"": ""CE"", ""strike_price"": 77, ""oich"": 0}, {""ask"": 0, ""bid"": 0, ""oi"": 19000, ""option_type"": ""CE"", ""strike_price"": 78, ""oich"": 0}, {""ask"": 0, ""bid"": 0, ""oi"": 114000, ""option_type"": ""PE"", ""strike_price"": 83, ""oich"": 5000}, {""ask"": 0, ""bid"": 0, ""oi"": 173000, ""option_type"": ""PE"", ""strike_price"": 89, ""oich"": -7000}, {""ask"": 0, ""bid"": 0, ""oi"": 33000, ""option_type"": ""CE"", ""strike_price"": 102, ""oich"": -4000}, {""ask"": 0, ""bid"": 0, ""oi"": 97000, ""option_type"": ""PE"", ""strike_price"": 105, ""oich"": -1000}, {""ask"": 0, ""bid"": 0, ""oi"": 4000, ""option_type"": ""PE"", ""strike_price"": 118, ""oich"": 0}, {""ask"": 0, ""bid"": 0, ""oi"": 70000, ""option_type"": ""CE"", ""strike_price"": 120, ""oich"": 0}, {""ask"": 0, ""bid"": 0, ""oi"": 28000, ""option_type"": ""PE"", ""strike_price"": 91, ""oich"": -9000}, {""ask"": 0, ""bid"": 0, ""oi"": 22000, ""option_type"": ""PE"", ""strike_price"": 73, ""oich"": 0}, {""ask"": 0, ""bid"": 0, ""oi"": 31000, ""option_type"": ""CE"", ""strike_price"": 82, ""oich"": -1000}, {""ask"": 0, ""bid"": 0, ""oi"": 135000, ""option_type"": ""PE"", ""strike_price"": 86, ""oich"": 20000}, {""ask"": 0, ""bid"": 0, ""oi"": 0, ""option_type"": ""CE"", ""strike_price"": 76, ""oich"": 0}, {""ask"": 0, ""bid"": 0, ""oi"": 2000, ""option_type"": ""CE"", ""strike_price"": 81, ""oich"": 0}, {""ask"": 0, ""bid"": 0, ""oi"": 86000, ""option_type"": ""CE"", ""strike_price"": 94, ""oich"": -3000}, {""ask"": 0, ""bid"": 0, ""oi"": 231000, ""option_type"": ""CE"", ""strike_price"": 98, ""oich"": 4000}, {""ask"": 0, ""bid"": 0, ""oi"": 2000, ""option_type"": ""PE"", ""strike_price"": 112, ""oich"": 0}, {""ask"": 0, ""bid"": 0, ""oi"": 136000, ""option_type"": ""CE"", ""strike_price"": 93, ""oich"": -6000}, {""ask"": 0, ""bid"": 0, ""oi"": 128000, ""option_type"": ""CE"", ""strike_price"": 96, ""oich"": 0}, {""ask"": 0, ""bid"": 0, ""oi"": 29000, ""option_type"": ""CE"", ""strike_price"": 107, ""oich"": 0}, {""ask"": 0, ""bid"": 0, ""oi"": 16000, ""option_type"": ""CE"", ""strike_price"": 108, ""oich"": 0}, {""ask"": 0, ""bid"": 0, ""oi"": 0, ""option_type"": ""PE"", ""strike_price"": 66, ""oich"": 0}, {""ask"": 0, ""bid"": 0, ""oi"": 81000, ""option_type"": ""CE"", ""strike_price"": 91, ""oich"": 4000}, {""ask"": 0, ""bid"": 0, ""oi"": 118000, ""option_type"": ""CE"", ""strike_price"": 92, ""oich"": 11000}, {""ask"": 0, ""bid"": 0, ""oi"": 50000, ""option_type"": ""CE"", ""strike_price"": 103, ""oich"": 1000}, {""ask"": 0, ""bid"": 0, ""oi"": 59000, ""option_type"": ""CE"", ""strike_price"": 115, ""oich"": -8000}, {""ask"": 0, ""bid"": 0, ""oi"": 71000, ""option_type"": ""PE"", ""strike_price"": 94, ""oich"": 1000}, {""ask"": 0, ""bid"": 0, ""oi"": 48000, ""option_type"": ""PE"", ""strike_price"": 96, ""oich"": 0}, {""ask"": 0, ""bid"": 0, ""oi"": 3000, ""option_type"": ""CE"", ""strike_price"": 104, ""oich"": 0}, {""ask"": 0, ""bid"": 0, ""oi"": 22000, ""option_type"": ""CE"", ""strike_price"": 106, ""oich"": 0}, {""ask"": 0, ""bid"": 0, ""oi"": 4000, ""option_type"": ""CE"", ""strike_price"": 116, ""oich"": 0}, {""ask"": 0, ""bid"": 0, ""oi"": 2000, ""option_type"": ""CE"", ""strike_price"": 117, ""oich"": 0}, {""ask"": 0, ""bid"": 0, ""oi"": 0, ""option_type"": ""PE"", ""strike_price"": 68, ""oich"": 0}, {""ask"": 0, ""bid"": 0, ""oi"": 41000, ""option_type"": ""PE"", ""strike_price"": 79, ""oich"": 23000}, {""ask"": 0, ""bid"": 0, ""oi"": 112000, ""option_type"": ""PE"", ""strike_price"": 82, ""oich"": -14000}, {""ask"": 0, ""bid"": 0, ""oi"": 35000, ""option_type"": ""CE"", ""strike_price"": 84, ""oich"": -1000}, {""ask"": 0, ""bid"": 0, ""oi"": 93000, ""option_type"": ""CE"", ""strike_price"": 99, ""oich"": -5000}, {""ask"": 0, ""bid"": 0, ""oi"": 8000, ""option_type"": ""PE"", ""strike_price"": 108, ""oich"": 0}, {""ask"": 0, ""bid"": 0, ""oi"": 3000, ""option_type"": ""CE"", ""strike_price"": 112, ""oich"": 0}, {""ask"": 0, ""bid"": 0, ""oi"": 341000, ""option_type"": ""CE"", ""strike_price"": 110, ""oich"": -8000}, {""ask"": 0, ""bid"": 0, ""oi"": 78000, ""option_type"": ""PE"", ""strike_price"": 75, ""oich"": -2000}, {""ask"": 0, ""bid"": 0, ""oi"": 19000, ""option_type"": ""PE"", ""strike_price"": 78, ""oich"": 7000}, {""ask"": 0, ""bid"": 0, ""oi"": 11000, ""option_type"": ""PE"", ""strike_price"": 81, ""oich"": 0}, {""ask"": 0, ""bid"": 0, ""oi"": 54000, ""option_type"": ""CE"", ""strike_price"": 83, ""oich"": -6000}, {""ask"": 0, ""bid"": 0, ""oi"": 125000, ""option_type"": ""CE"", ""strike_price"": 85, ""oich"": 5000}, {""ask"": 0, ""bid"": 0, ""oi"": 25000, ""option_type"": ""PE"", ""strike_price"": 98, ""oich"": 0}, {""ask"": 0, ""bid"": 0, ""oi"": 254000, ""option_type"": ""PE"", ""strike_price"": 100, ""oich"": 0}, {""ask"": 0, ""bid"": 0, ""oi"": 35000, ""option_type"": ""CE"", ""strike_price"": 101, ""oich"": -2000}, {""ask"": 0, ""bid"": 0, ""oi"": 14000, ""option_type"": ""PE"", ""strike_price"": 102, ""oich"": 0}, {""ask"": 0, ""bid"": 0, ""oi"": 8000, ""option_type"": ""PE"", ""strike_price"": 103, ""oich"": 0}, {""ask"": 0, ""bid"": 0, ""oi"": 0, ""option_type"": ""CE"", ""strike_price"": 72, ""oich"": 0}, {""ask"": 0, ""bid"": 0, ""oi"": 22000, ""option_type"": ""PE"", ""strike_price"": 97, ""oich"": 0}, {""ask"": 0, ""bid"": 0, ""oi"": 50000, ""option_type"": ""PE"", ""strike_price"": 92, ""oich"": 0}, {""ask"": 0, ""bid"": 0, ""oi"": 4000, ""option_type"": ""CE"", ""strike_price"": 74, ""oich"": 0}, {""ask"": 0, ""bid"": 0, ""oi"": 0, ""option_type"": ""PE"", ""strike_price"": 107, ""oich"": 0}, {""ask"": 0, ""bid"": 0, ""oi"": 16000, ""option_type"": ""CE"", ""strike_price"": 122, ""oich"": 0}, {""ask"": 0, ""bid"": 0, ""oi"": 0, ""option_type"": ""CE"", ""strike_price"": 73, ""oich"": 0}, {""ask"": 0, ""bid"": 0, ""oi"": 0, ""option_type"": ""CE"", ""strike_price"": 79, ""oich"": 0}, {""ask"": 0, ""bid"": 0, ""oi"": 146000, ""option_type"": ""PE"", ""strike_price"": 84, ""oich"": 28000}, {""ask"": 0, ""bid"": 0, ""oi"": 209000, ""option_type"": ""PE"", ""strike_price"": 90, ""oich"": -26000}, {""ask"": 0, ""bid"": 0, ""oi"": 59000, ""option_type"": ""PE"", ""strike_price"": 122, ""oich"": 0}, {""ask"": 0, ""bid"": 0, ""oi"": 48000, ""option_type"": ""PE"", ""strike_price"": 72, ""oich"": 0}, {""ask"": 0, ""bid"": 0, ""oi"": 0, ""option_type"": ""PE"", ""strike_price"": 77, ""oich"": 0}, {""ask"": 0, ""bid"": 0, ""oi"": 281000, ""option_type"": ""CE"", ""strike_price"": 87, ""oich"": 46000}, {""ask"": 0, ""bid"": 0, ""oi"": 1000, ""option_type"": ""PE"", ""strike_price"": 111, ""oich"": 0}, {""ask"": 0, ""bid"": 0, ""oi"": 278000, ""option_type"": ""CE"", ""strike_price"": 97, ""oich"": 5000}, {""ask"": 0, ""bid"": 0, ""oi"": 546000, ""option_type"": ""CE"", ""strike_price"": 95, ""oich"": 40000}, {""ask"": 0, ""bid"": 0, ""oi"": 295000, ""option_type"": ""PE"", ""strike_price"": 87, ""oich"": 43000}, {""ask"": 0, ""bid"": 0, ""oi"": 10000, ""option_type"": ""CE"", ""strike_price"": 80, ""oich"": -2000}, {""ask"": 0, ""bid"": 0, ""oi"": 196000, ""option_type"": ""PE"", ""strike_price"": 85, ""oich"": 7000}, {""ask"": 0, ""bid"": 0, ""oi"": 13000, ""option_type"": ""CE"", ""strike_price"": 118, ""oich"": 0}, {""ask"": 0, ""bid"": 0, ""oi"": 949000, ""option_type"": ""CE"", ""strike_price"": 100, ""oich"": -4000}, {""ask"": 0, ""bid"": 0, ""oi"": 194000, ""option_type"": ""CE"", ""strike_price"": 88, ""oich"": 15000}, {""ask"": 0, ""bid"": 0, ""oi"": 0, ""option_type"": ""CE"", ""strike_price"": 75, ""oich"": 0}, {""ask"": 0, ""bid"": 0, ""oi"": 35000, ""option_type"": ""PE"", ""strike_price"": 115, ""oich"": 0}, {""ask"": 0, ""bid"": 0, ""oi"": 101000, ""option_type"": ""PE"", ""strike_price"": 110, ""oich"": 0}, {""ask"": 0, ""bid"": 0, ""oi"": 0, ""option_type"": ""PE"", ""strike_price"": 106, ""oich"": 0}, {""ask"": 0, ""bid"": 0, ""oi"": 25000, ""option_type"": ""CE"", ""strike_price"": 89, ""oich"": -1000}, {""ask"": 0, ""bid"": 0, ""oi"": 126000, ""option_type"": ""PE"", ""strike_price"": 88, ""oich"": -12000}, {""ask"": 0, ""bid"": 0, ""oi"": 0, ""option_type"": ""PE"", ""strike_price"": 76, ""oich"": 0}, {""ask"": 0, ""bid"": 0, ""oi"": 63000, ""option_type"": ""PE"", ""strike_price"": 93, ""oich"": 0}, {""ask"": 0, ""bid"": 0, ""oi"": 0, ""option_type"": ""CE"", ""strike_price"": 66, ""oich"": 0}, {""ask"": 0, ""bid"": 0, ""oi"": 25000, ""option_type"": ""CE"", ""strike_price"": 68, ""oich"": 0}, {""ask"": 0, ""bid"": 0, ""oi"": 8000, ""option_type"": ""PE"", ""strike_price"": 70, ""oich"": 1000}, {""ask"": 0, ""bid"": 0, ""oi"": 228000, ""option_type"": ""PE"", ""strike_price"": 80, ""oich"": -14000}, {""ask"": 0, ""bid"": 0, ""oi"": 331000, ""option_type"": ""CE"", ""strike_price"": 90, ""oich"": 13000}, {""ask"": 0, ""bid"": 0, ""oi"": 215000, ""option_type"": ""PE"", ""strike_price"": 95, ""oich"": -3000}, {""ask"": 0, ""bid"": 0, ""oi"": 39000, ""option_type"": ""PE"", ""strike_price"": 99, ""oich"": 1000}, {""ask"": 0, ""bid"": 0, ""oi"": 46000, ""option_type"": ""PE"", ""strike_price"": 101, ""oich"": -1000}, {""ask"": 0, ""bid"": 0, ""oi"": 12000, ""option_type"": ""PE"", ""strike_price"": 104, ""oich"": 0}, {""ask"": 0, ""bid"": 0, ""oi"": 373000, ""option_type"": ""CE"", ""strike_price"": 105, ""oich"": -6000}, {""ask"": 0, ""bid"": 0, ""oi"": 85000, ""option_type"": ""PE"", ""strike_price"": 120, ""oich"": -3000}, {""ask"": 0, ""bid"": 0, ""oi"": 37000, ""option_type"": ""CE"", ""strike_price"": 109, ""oich"": 0}]",3296000,2026-03-12
5118000,,,"[{""ask"": 0, ""bid"": 0, ""oi"": 59000, ""option_type"": ""PE"", ""strike_price"": 122, ""oich"": 0}, {""ask"": 0, ""bid"": 0, ""oi"": 203000, ""option_type"": ""PE"", ""strike_price"": 90, ""oich"": -6000}, {""ask"": 0, ""bid"": 0, ""oi"": 122000, ""option_type"": ""PE"", ""strike_price"": 84, ""oich"": -24000}, {""ask"": 0, ""bid"": 0, ""oi"": 0, ""option_type"": ""CE"", ""strike_price"": 79, ""oich"": 0}, {""ask"": 0, ""bid"": 0, ""oi"": 0, ""option_type"": ""CE"", ""strike_price"": 73, ""oich"": 0}, {""ask"": 0, ""bid"": 0, ""oi"": 48000, ""option_type"": ""PE"", ""strike_price"": 72, ""oich"": 0}, {""ask"": 0, ""bid"": 0, ""oi"": 2000, ""option_type"": ""PE"", ""strike_price"": 112, ""oich"": 0}, {""ask"": 0, ""bid"": 0, ""oi"": 244000, ""option_type"": ""CE"", ""strike_price"": 98, ""oich"": 13000}, {""ask"": 0, ""bid"": 0, ""oi"": 88000, ""option_type"": ""CE"", ""strike_price"": 94, ""oich"": 2000}, {""ask"": 0, ""bid"": 0, ""oi"": 2000, ""option_type"": ""CE"", ""strike_price"": 81, ""oich"": 0}, {""ask"": 0, ""bid"": 0, ""oi"": 0, ""option_type"": ""CE"", ""strike_price"": 76, ""oich"": 0}, {""ask"": 0, ""bid"": 0, ""oi"": 24000, ""option_type"": ""PE"", ""strike_price"": 81, ""oich"": 13000}, {""ask"": 0, ""bid"": 0, ""oi"": 94000, ""option_type"": ""PE"", ""strike_price"": 78, ""oich"": 75000}, {""ask"": 0, ""bid"": 0, ""oi"": 149000, ""option_type"": ""PE"", ""strike_price"": 75, ""oich"": 71000}, {""ask"": 0, ""bid"": 0, ""oi"": 3000, ""option_type"": ""CE"", ""strike_price"": 112, ""oich"": 0}, {""ask"": 0, ""bid"": 0, ""oi"": 339000, ""option_type"": ""CE"", ""strike_price"": 110, ""oich"": -2000}, {""ask"": 0, ""bid"": 0, ""oi"": 8000, ""option_type"": ""PE"", ""strike_price"": 108, ""oich"": 0}, {""ask"": 0, ""bid"": 0, ""oi"": 102000, ""option_type"": ""CE"", ""strike_price"": 99, ""oich"": 9000}, {""ask"": 0, ""bid"": 0, ""oi"": 225000, ""option_type"": ""CE"", ""strike_price"": 85, ""oich"": 100000}, {""ask"": 0, ""bid"": 0, ""oi"": 57000, ""option_type"": ""CE"", ""strike_price"": 83, ""oich"": 3000}, {""ask"": 0, ""bid"": 0, ""oi"": 576000, ""option_type"": ""CE"", ""strike_price"": 95, ""oich"": 30000}, {""ask"": 0, ""bid"": 0, ""oi"": 239000, ""option_type"": ""CE"", ""strike_price"": 97, ""oich"": -39000}, {""ask"": 0, ""bid"": 0, ""oi"": 1000, ""option_type"": ""PE"", ""strike_price"": 111, ""oich"": 0}, {""ask"": 0, ""bid"": 0, ""oi"": 0, ""option_type"": ""PE"", ""strike_price"": 77, ""oich"": 0}, {""ask"": 0, ""bid"": 0, ""oi"": 14000, ""option_type"": ""CE"", ""strike_price"": 80, ""oich"": 4000}, {""ask"": 0, ""bid"": 0, ""oi"": 279000, ""option_type"": ""CE"", ""strike_price"": 87, ""oich"": -2000}, {""ask"": 0, ""bid"": 0, ""oi"": 221000, ""option_type"": ""PE"", ""strike_price"": 87, ""oich"": -74000}, {""ask"": 0, ""bid"": 0, ""oi"": 0, ""option_type"": ""CE"", ""strike_price"": 70, ""oich"": 0}, {""ask"": 0, ""bid"": 0, ""oi"": 48000, ""option_type"": ""PE"", ""strike_price"": 74, ""oich"": 0}, {""ask"": 0, ""bid"": 0, ""oi"": 0, ""option_type"": ""CE"", ""strike_price"": 77, ""oich"": 0}, {""ask"": 0, ""bid"": 0, ""oi"": 19000, ""option_type"": ""CE"", ""strike_price"": 78, ""oich"": 0}, {""ask"": 0, ""bid"": 0, ""oi"": 157000, ""option_type"": ""PE"", ""strike_price"": 83, ""oich"": 43000}, {""ask"": 0, ""bid"": 0, ""oi"": 110000, ""option_type"": ""CE"", ""strike_price"": 86, ""oich"": 10000}, {""ask"": 0, ""bid"": 0, ""oi"": 83000, ""option_type"": ""CE"", ""strike_price"": 91, ""oich"": 2000}, {""ask"": 0, ""bid"": 0, ""oi"": 104000, ""option_type"": ""CE"", ""strike_price"": 92, ""oich"": -14000}, {""ask"": 0, ""bid"": 0, ""oi"": 63000, ""option_type"": ""PE"", ""strike_price"": 93, ""oich"": 0}, {""ask"": 0, ""bid"": 0, ""oi"": 50000, ""option_type"": ""CE"", ""strike_price"": 103, ""oich"": 0}, {""ask"": 0, ""bid"": 0, ""oi"": 55000, ""option_type"": ""CE"", ""strike_price"": 115, ""oich"": -4000}, {""ask"": 0, ""bid"": 0, ""oi"": 0, ""option_type"": ""PE"", ""strike_price"": 76, ""oich"": 0}, {""ask"": 0, ""bid"": 0, ""oi"": 125000, ""option_type"": ""PE"", ""strike_price"": 88, ""oich"": -1000}, {""ask"": 0, ""bid"": 0, ""oi"": 27000, ""option_type"": ""CE"", ""strike_price"": 89, ""oich"": 2000}, {""ask"": 0, ""bid"": 0, ""oi"": 0, ""option_type"": ""PE"", ""strike_price"": 106, ""oich"": 0}, {""ask"": 0, ""bid"": 0, ""oi"": 101000, ""option_type"": ""PE"", ""strike_price"": 110, ""oich"": 0}, {""ask"": 0, ""bid"": 0, ""oi"": 35000, ""option_type"": ""PE"", ""strike_price"": 115, ""oich"": 0}, {""ask"": 0, ""bid"": 0, ""oi"": 0, ""option_type"": ""CE"", ""strike_price"": 66, ""oich"": 0}, {""ask"": 0, ""bid"": 0, ""oi"": 367000, ""option_type"": ""CE"", ""strike_price"": 105, ""oich"": -6000}, {""ask"": 0, ""bid"": 0, ""oi"": 12000, ""option_type"": ""PE"", ""strike_price"": 104, ""oich"": 0}, {""ask"": 0, ""bid"": 0, ""oi"": 46000, ""option_type"": ""PE"", ""strike_price"": 101, ""oich"": 0}, {""ask"": 0, ""bid"": 0, ""oi"": 39000, ""option_type"": ""PE"", ""strike_price"": 99, ""oich"": 0}, {""ask"": 0, ""bid"": 0, ""oi"": 212000, ""option_type"": ""PE"", ""strike_price"": 95, ""oich"": -3000}, {""ask"": 0, ""bid"": 0, ""oi"": 37000, ""option_type"": ""CE"", ""strike_price"": 109, ""oich"": 0}, {""ask"": 0, ""bid"": 0, ""oi"": 85000, ""option_type"": ""PE"", ""strike_price"": 120, ""oich"": 0}, {""ask"": 0, ""bid"": 0, ""oi"": 283000, ""option_type"": ""CE"", ""strike_price"": 90, ""oich"": -48000}, {""ask"": 0, ""bid"": 0, ""oi"": 239000, ""option_type"": ""PE"", ""strike_price"": 80, ""oich"": 11000}, {""ask"": 0, ""bid"": 0, ""oi"": 8000, ""option_type"": ""PE"", ""strike_price"": 70, ""oich"": 0}, {""ask"": 0, ""bid"": 0, ""oi"": 25000, ""option_type"": ""CE"", ""strike_price"": 68, ""oich"": 0}, {""ask"": 0, ""bid"": 0, ""oi"": 13000, ""option_type"": ""CE"", ""strike_price"": 118, ""oich"": 0}, {""ask"": 0, ""bid"": 0, ""oi"": 977000, ""option_type"": ""CE"", ""strike_price"": 100, ""oich"": 28000}, {""ask"": 0, ""bid"": 0, ""oi"": 176000, ""option_type"": ""CE"", ""strike_price"": 88, ""oich"": -18000}, {""ask"": 0, ""bid"": 0, ""oi"": 190000, ""option_type"": ""PE"", ""strike_price"": 85, ""oich"": -6000}, {""ask"": 0, ""bid"": 0, ""oi"": 0, ""option_type"": ""CE"", ""strike_price"": 75, ""oich"": 0}, {""ask"": 0, ""bid"": 0, ""oi"": 2000, ""option_type"": ""CE"", ""strike_price"": 117, ""oich"": 0}, {""ask"": 0, ""bid"": 0, ""oi"": 0, ""option_type"": ""PE"", ""strike_price"": 68, ""oich"": 0}, {""ask"": 0, ""bid"": 0, ""oi"": 33000, ""option_type"": ""PE"", ""strike_price"": 79, ""oich"": -8000}, {""ask"": 0, ""bid"": 0, ""oi"": 98000, ""option_type"": ""PE"", ""strike_price"": 82, ""oich"": -14000}, {""ask"": 0, ""bid"": 0, ""oi"": 98000, ""option_type"": ""CE"", ""strike_price"": 84, ""oich"": 63000}, {""ask"": 0, ""bid"": 0, ""oi"": 4000, ""option_type"": ""CE"", ""strike_price"": 116, ""oich"": 0}, {""ask"": 0, ""bid"": 0, ""oi"": 22000, ""option_type"": ""CE"", ""strike_price"": 106, ""oich"": 0}, {""ask"": 0, ""bid"": 0, ""oi"": 3000, ""option_type"": ""CE"", ""strike_price"": 104, ""oich"": 0}, {""ask"": 0, ""bid"": 0, ""oi"": 46000, ""option_type"": ""PE"", ""strike_price"": 96, ""oich"": -2000}, {""ask"": 0, ""bid"": 0, ""oi"": 67000, ""option_type"": ""PE"", ""strike_price"": 94, ""oich"": -4000}, {""ask"": 0, ""bid"": 0, ""oi"": 0, ""option_type"": ""PE"", ""strike_price"": 66, ""oich"": 0}, {""ask"": 0, ""bid"": 0, ""oi"": 123000, ""option_type"": ""CE"", ""strike_price"": 93, ""oich"": -13000}, {""ask"": 0, ""bid"": 0, ""oi"": 127000, ""option_type"": ""CE"", ""strike_price"": 96, ""oich"": -1000}, {""ask"": 0, ""bid"": 0, ""oi"": 29000, ""option_type"": ""CE"", ""strike_price"": 107, ""oich"": 0}, {""ask"": 0, ""bid"": 0, ""oi"": 16000, ""option_type"": ""CE"", ""strike_price"": 108, ""oich"": 0}, {""ask"": 0, ""bid"": 0, ""oi"": 27000, ""option_type"": ""CE"", ""strike_price"": 82, ""oich"": -4000}, {""ask"": 0, ""bid"": 0, ""oi"": 22000, ""option_type"": ""PE"", ""strike_price"": 73, ""oich"": 0}, {""ask"": 0, ""bid"": 0, ""oi"": 167000, ""option_type"": ""PE"", ""strike_price"": 89, ""oich"": -6000}, {""ask"": 0, ""bid"": 0, ""oi"": 70000, ""option_type"": ""CE"", ""strike_price"": 120, ""oich"": 0}, {""ask"": 0, ""bid"": 0, ""oi"": 4000, ""option_type"": ""PE"", ""strike_price"": 118, ""oich"": 0}, {""ask"": 0, ""bid"": 0, ""oi"": 89000, ""option_type"": ""PE"", ""strike_price"": 105, ""oich"": -8000}, {""ask"": 0, ""bid"": 0, ""oi"": 33000, ""option_type"": ""CE"", ""strike_price"": 102, ""oich"": 0}, {""ask"": 0, ""bid"": 0, ""oi"": 28000, ""option_type"": ""PE"", ""strike_price"": 91, ""oich"": 0}, {""ask"": 0, ""bid"": 0, ""oi"": 122000, ""option_type"": ""PE"", ""strike_price"": 86, ""oich"": -13000}, {""ask"": 0, ""bid"": 0, ""oi"": 14000, ""option_type"": ""PE"", ""strike_price"": 102, ""oich"": 0}, {""ask"": 0, ""bid"": 0, ""oi"": 8000, ""option_type"": ""PE"", ""strike_price"": 103, ""oich"": 0}, {""ask"": 0, ""bid"": 0, ""oi"": 22000, ""option_type"": ""PE"", ""strike_price"": 97, ""oich"": 0}, {""ask"": 0, ""bid"": 0, ""oi"": 25000, ""option_type"": ""PE"", ""strike_price"": 98, ""oich"": 0}, {""ask"": 0, ""bid"": 0, ""oi"": 251000, ""option_type"": ""PE"", ""strike_price"": 100, ""oich"": -3000}, {""ask"": 0, ""bid"": 0, ""oi"": 16000, ""option_type"": ""CE"", ""strike_price"": 122, ""oich"": 0}, {""ask"": 0, ""bid"": 0, ""oi"": 0, ""option_type"": ""PE"", ""strike_price"": 107, ""oich"": 0}, {""ask"": 0, ""bid"": 0, ""oi"": 0, ""option_type"": ""CE"", ""strike_price"": 72, ""oich"": 0}, {""ask"": 0, ""bid"": 0, ""oi"": 50000, ""option_type"": ""CE"", ""strike_price"": 101, ""oich"": 15000}, {""ask"": 0, ""bid"": 0, ""oi"": 4000, ""option_type"": ""CE"", ""strike_price"": 74, ""oich"": 0}, {""ask"": 0, ""bid"": 0, ""oi"": 50000, ""option_type"": ""PE"", ""strike_price"": 92, ""oich"": 0}]",3337000,2026-03-13
5135000,,,"[{""ask"": 0, ""bid"": 0, ""oi"": 332000, ""option_type"": ""CE"", ""strike_price"": 110, ""oich"": 332000}, {""ask"": 0, ""bid"": 0, ""oi"": 8000, ""option_type"": ""PE"", ""strike_price"": 108, ""oich"": 8000}, {""ask"": 0, ""bid"": 0, ""oi"": 115000, ""option_type"": ""CE"", ""strike_price"": 99, ""oich"": 115000}, {""ask"": 0, ""bid"": 0, ""oi"": 229000, ""option_type"": ""CE"", ""strike_price"": 85, ""oich"": 229000}, {""ask"": 0, ""bid"": 0, ""oi"": 70000, ""option_type"": ""CE"", ""strike_price"": 83, ""oich"": 70000}, {""ask"": 0, ""bid"": 0, ""oi"": 28000, ""option_type"": ""PE"", ""strike_price"": 81, ""oich"": 28000}, {""ask"": 0, ""bid"": 0, ""oi"": 53000, ""option_type"": ""PE"", ""strike_price"": 78, ""oich"": 53000}, {""ask"": 0, ""bid"": 0, ""oi"": 112000, ""option_type"": ""PE"", ""strike_price"": 75, ""oich"": 112000}, {""ask"": 0, ""bid"": 0, ""oi"": 2000, ""option_type"": ""CE"", ""strike_price"": 112, ""oich"": 2000}, {""ask"": 0, ""bid"": 0, ""oi"": 4000, ""option_type"": ""PE"", ""strike_price"": 112, ""oich"": 4000}, {""ask"": 0, ""bid"": 0, ""oi"": 231000, ""option_type"": ""CE"", ""strike_price"": 98, ""oich"": 231000}, {""ask"": 0, ""bid"": 0, ""oi"": 83000, ""option_type"": ""CE"", ""strike_price"": 94, ""oich"": 83000}, {""ask"": 0, ""bid"": 0, ""oi"": 67000, ""option_type"": ""CE"", ""strike_price"": 81, ""oich"": 67000}, {""ask"": 0, ""bid"": 0, ""oi"": 0, ""option_type"": ""CE"", ""strike_price"": 76, ""oich"": 0}, {""ask"": 0, ""bid"": 0, ""oi"": 1000, ""option_type"": ""PE"", ""strike_price"": 111, ""oich"": 1000}, {""ask"": 0, ""bid"": 0, ""oi"": 236000, ""option_type"": ""CE"", ""strike_price"": 97, ""oich"": 236000}, {""ask"": 0, ""bid"": 0, ""oi"": 196000, ""option_type"": ""PE"", ""strike_price"": 87, ""oich"": 196000}, {""ask"": 0, ""bid"": 0, ""oi"": 546000, ""option_type"": ""CE"", ""strike_price"": 95, ""oich"": 546000}, {""ask"": 0, ""bid"": 0, ""oi"": 0, ""option_type"": ""PE"", ""strike_price"": 77, ""oich"": 0}, {""ask"": 0, ""bid"": 0, ""oi"": 45000, ""option_type"": ""CE"", ""strike_price"": 80, ""oich"": 45000}, {""ask"": 0, ""bid"": 0, ""oi"": 227000, ""option_type"": ""CE"", ""strike_price"": 87, ""oich"": 227000}, {""ask"": 0, ""bid"": 0, ""oi"": 0, ""option_type"": ""PE"", ""strike_price"": 68, ""oich"": 0}, {""ask"": 0, ""bid"": 0, ""oi"": 0, ""option_type"": ""CE"", ""strike_price"": 71, ""oich"": 0}, {""ask"": 0, ""bid"": 0, ""oi"": 2000, ""option_type"": ""CE"", ""strike_price"": 117, ""oich"": 2000}, {""ask"": 0, ""bid"": 0, ""oi"": 4000, ""option_type"": ""CE"", ""strike_price"": 116, ""oich"": 4000}, {""ask"": 0, ""bid"": 0, ""oi"": 22000, ""option_type"": ""CE"", ""strike_price"": 106, ""oich"": 22000}, {""ask"": 0, ""bid"": 0, ""oi"": 3000, ""option_type"": ""CE"", ""strike_price"": 104, ""oich"": 3000}, {""ask"": 0, ""bid"": 0, ""oi"": 43000, ""option_type"": ""PE"", ""strike_price"": 96, ""oich"": 43000}, {""ask"": 0, ""bid"": 0, ""oi"": 67000, ""option_type"": ""PE"", ""strike_price"": 94, ""oich"": 67000}, {""ask"": 0, ""bid"": 0, ""oi"": 88000, ""option_type"": ""CE"", ""strike_price"": 84, ""oich"": 88000}, {""ask"": 0, ""bid"": 0, ""oi"": 100000, ""option_type"": ""PE"", ""strike_price"": 82, ""oich"": 100000}, {""ask"": 0, ""bid"": 0, ""oi"": 27000, ""option_type"": ""PE"", ""strike_price"": 79, ""oich"": 27000}, {""ask"": 0, ""bid"": 0, ""oi"": 921000, ""option_type"": ""CE"", ""strike_price"": 100, ""oich"": 921000}, {""ask"": 0, ""bid"": 0, ""oi"": 187000, ""option_type"": ""CE"", ""strike_price"": 88, ""oich"": 187000}, {""ask"": 0, ""bid"": 0, ""oi"": 174000, ""option_type"": ""PE"", ""strike_price"": 85, ""oich"": 174000}, {""ask"": 0, ""bid"": 0, ""oi"": 0, ""option_type"": ""CE"", ""strike_price"": 75, ""oich"": 0}, {""ask"": 0, ""bid"": 0, ""oi"": 13000, ""option_type"": ""CE"", ""strike_price"": 118, ""oich"": 13000}, {""ask"": 0, ""bid"": 0, ""oi"": 0, ""option_type"": ""PE"", ""strike_price"": 71, ""oich"": 0}, {""ask"": 0, ""bid"": 0, ""oi"": 59000, ""option_type"": ""PE"", ""strike_price"": 122, ""oich"": 59000}, {""ask"": 0, ""bid"": 0, ""oi"": 191000, ""option_type"": ""PE"", ""strike_price"": 90, ""oich"": 191000}, {""ask"": 0, ""bid"": 0, ""oi"": 106000, ""option_type"": ""PE"", ""strike_price"": 84, ""oich"": 106000}, {""ask"": 0, ""bid"": 0, ""oi"": 0, ""option_type"": ""CE"", ""strike_price"": 79, ""oich"": 0}, {""ask"": 0, ""bid"": 0, ""oi"": 0, ""option_type"": ""CE"", ""strike_price"": 73, ""oich"": 0}, {""ask"": 0, ""bid"": 0, ""oi"": 53000, ""option_type"": ""PE"", ""strike_price"": 72, ""oich"": 53000}, {""ask"": 0, ""bid"": 0, ""oi"": 85000, ""option_type"": ""PE"", ""strike_price"": 120, ""oich"": 85000}, {""ask"": 0, ""bid"": 0, ""oi"": 37000, ""option_type"": ""CE"", ""strike_price"": 109, ""oich"": 37000}, {""ask"": 0, ""bid"": 0, ""oi"": 352000, ""option_type"": ""CE"", ""strike_price"": 105, ""oich"": 352000}, {""ask"": 0, ""bid"": 0, ""oi"": 12000, ""option_type"": ""PE"", ""strike_price"": 104, ""oich"": 12000}, {""ask"": 0, ""bid"": 0, ""oi"": 44000, ""option_type"": ""PE"", ""strike_price"": 101, ""oich"": 44000}, {""ask"": 0, ""bid"": 0, ""oi"": 39000, ""option_type"": ""PE"", ""strike_price"": 99, ""oich"": 39000}, {""ask"": 0, ""bid"": 0, ""oi"": 203000, ""option_type"": ""PE"", ""strike_price"": 95, ""oich"": 203000}, {""ask"": 0, ""bid"": 0, ""oi"": 239000, ""option_type"": ""PE"", ""strike_price"": 80, ""oich"": 239000}, {""ask"": 0, ""bid"": 0, ""oi"": 283000, ""option_type"": ""CE"", ""strike_price"": 90, ""oich"": 283000}, {""ask"": 0, ""bid"": 0, ""oi"": 8000, ""option_type"": ""PE"", ""strike_price"": 70, ""oich"": 8000}, {""ask"": 0, ""bid"": 0, ""oi"": 25000, ""option_type"": ""CE"", ""strike_price"": 68, ""oich"": 25000}, {""ask"": 0, ""bid"": 0, ""oi"": 0, ""option_type"": ""CE"", ""strike_price"": 66, ""oich"": 0}, {""ask"": 0, ""bid"": 0, ""oi"": 22000, ""option_type"": ""PE"", ""strike_price"": 73, ""oich"": 22000}, {""ask"": 0, ""bid"": 0, ""oi"": 101000, ""option_type"": ""CE"", ""strike_price"": 82, ""oich"": 101000}, {""ask"": 0, ""bid"": 0, ""oi"": 114000, ""option_type"": ""PE"", ""strike_price"": 86, ""oich"": 114000}, {""ask"": 0, ""bid"": 0, ""oi"": 166000, ""option_type"": ""PE"", ""strike_price"": 89, ""oich"": 166000}, {""ask"": 0, ""bid"": 0, ""oi"": 28000, ""option_type"": ""PE"", ""strike_price"": 91, ""oich"": 28000}, {""ask"": 0, ""bid"": 0, ""oi"": 33000, ""option_type"": ""CE"", ""strike_price"": 102, ""oich"": 33000}, {""ask"": 0, ""bid"": 0, ""oi"": 86000, ""option_type"": ""PE"", ""strike_price"": 105, ""oich"": 86000}, {""ask"": 0, ""bid"": 0, ""oi"": 4000, ""option_type"": ""PE"", ""strike_price"": 118, ""oich"": 4000}, {""ask"": 0, ""bid"": 0, ""oi"": 70000, ""option_type"": ""CE"", ""strike_price"": 120, ""oich"": 70000}, {""ask"": 0, ""bid"": 0, ""oi"": 0, ""option_type"": ""PE"", ""strike_price"": 66, ""oich"": 0}, {""ask"": 0, ""bid"": 0, ""oi"": 16000, ""option_type"": ""CE"", ""strike_price"": 108, ""oich"": 16000}, {""ask"": 0, ""bid"": 0, ""oi"": 29000, ""option_type"": ""CE"", ""strike_price"": 107, ""oich"": 29000}, {""ask"": 0, ""bid"": 0, ""oi"": 122000, ""option_type"": ""CE"", ""strike_price"": 96, ""oich"": 122000}, {""ask"": 0, ""bid"": 0, ""oi"": 126000, ""option_type"": ""CE"", ""strike_price"": 93, ""oich"": 126000}, {""ask"": 0, ""bid"": 0, ""oi"": 0, ""option_type"": ""PE"", ""strike_price"": 76, ""oich"": 0}, {""ask"": 0, ""bid"": 0, ""oi"": 101000, ""option_type"": ""PE"", ""strike_price"": 110, ""oich"": 101000}, {""ask"": 0, ""bid"": 0, ""oi"": 119000, ""option_type"": ""PE"", ""strike_price"": 88, ""oich"": 119000}, {""ask"": 0, ""bid"": 0, ""oi"": 36000, ""option_type"": ""CE"", ""strike_price"": 89, ""oich"": 36000}, {""ask"": 0, ""bid"": 0, ""oi"": 35000, ""option_type"": ""PE"", ""strike_price"": 115, ""oich"": 35000}, {""ask"": 0, ""bid"": 0, ""oi"": 3000, ""option_type"": ""PE"", ""strike_price"": 106, ""oich"": 3000}, {""ask"": 0, ""bid"": 0, ""oi"": 116000, ""option_type"": ""CE"", ""strike_price"": 86, ""oich"": 116000}, {""ask"": 0, ""bid"": 0, ""oi"": 19000, ""option_type"": ""CE"", ""strike_price"": 78, ""oich"": 19000}, {""ask"": 0, ""bid"": 0, ""oi"": 0, ""option_type"": ""CE"", ""strike_price"": 77, ""oich"": 0}, {""ask"": 0, ""bid"": 0, ""oi"": 45000, ""option_type"": ""PE"", ""strike_price"": 74, ""oich"": 45000}, {""ask"": 0, ""bid"": 0, ""oi"": 0, ""option_type"": ""CE"", ""strike_price"": 70, ""oich"": 0}, {""ask"": 0, ""bid"": 0, ""oi"": 63000, ""option_type"": ""PE"", ""strike_price"": 93, ""oich"": 63000}, {""ask"": 0, ""bid"": 0, ""oi"": 161000, ""option_type"": ""PE"", ""strike_price"": 83, ""oich"": 161000}, {""ask"": 0, ""bid"": 0, ""oi"": 82000, ""option_type"": ""CE"", ""strike_price"": 91, ""oich"": 82000}, {""ask"": 0, ""bid"": 0, ""oi"": 99000, ""option_type"": ""CE"", ""strike_price"": 92, ""oich"": 99000}, {""ask"": 0, ""bid"": 0, ""oi"": 50000, ""option_type"": ""CE"", ""strike_price"": 103, ""oich"": 50000}, {""ask"": 0, ""bid"": 0, ""oi"": 53000, ""option_type"": ""CE"", ""strike_price"": 115, ""oich"": 53000}, {""ask"": 0, ""bid"": 0, ""oi"": 50000, ""option_type"": ""PE"", ""strike_price"": 92, ""oich"": 50000}, {""ask"": 0, ""bid"": 0, ""oi"": 22000, ""option_type"": ""PE"", ""strike_price"": 97, ""oich"": 22000}, {""ask"": 0, ""bid"": 0, ""oi"": 24000, ""option_type"": ""PE"", ""strike_price"": 98, ""oich"": 24000}, {""ask"": 0, ""bid"": 0, ""oi"": 244000, ""option_type"": ""PE"", ""strike_price"": 100, ""oich"": 244000}, {""ask"": 0, ""bid"": 0, ""oi"": 43000, ""option_type"": ""CE"", ""strike_price"": 101, ""oich"": 43000}, {""ask"": 0, ""bid"": 0, ""oi"": 14000, ""option_type"": ""PE"", ""strike_price"": 102, ""oich"": 14000}, {""ask"": 0, ""bid"": 0, ""oi"": 8000, ""option_type"": ""PE"", ""strike_price"": 103, ""oich"": 8000}, {""ask"": 0, ""bid"": 0, ""oi"": 0, ""option_type"": ""PE"", ""strike_price"": 107, ""oich"": 0}, {""ask"": 0, ""bid"": 0, ""oi"": 16000, ""option_type"": ""CE"", ""strike_price"": 122, ""oich"": 16000}, {""ask"": 0, ""bid"": 0, ""oi"": 0, ""option_type"": ""CE"", ""strike_price"": 72, ""oich"": 0}, {""ask"": 0, ""bid"": 0, ""oi"": 4000, ""option_type"": ""CE"", ""strike_price"": 74, ""oich"": 4000}]",3161000,2026-03-16
5157000,,,"[{""ask"": 0, ""bid"": 0, ""oi"": 0, ""option_type"": ""PE"", ""strike_price"": 68, ""oich"": 0}, {""ask"": 0, ""bid"": 0, ""oi"": 0, ""option_type"": ""CE"", ""strike_price"": 71, ""oich"": 0}, {""ask"": 0, ""bid"": 0, ""oi"": 21000, ""option_type"": ""PE"", ""strike_price"": 79, ""oich"": 21000}, {""ask"": 0, ""bid"": 0, ""oi"": 81000, ""option_type"": ""PE"", ""strike_price"": 82, ""oich"": 81000}, {""ask"": 0, ""bid"": 0, ""oi"": 3000, ""option_type"": ""CE"", ""strike_price"": 104, ""oich"": 3000}, {""ask"": 0, ""bid"": 0, ""oi"": 43000, ""option_type"": ""PE"", ""strike_price"": 96, ""oich"": 43000}, {""ask"": 0, ""bid"": 0, ""oi"": 0, ""option_type"": ""PE"", ""strike_price"": 71, ""oich"": 0}, {""ask"": 0, ""bid"": 0, ""oi"": 53000, ""option_type"": ""PE"", ""strike_price"": 72, ""oich"": 53000}, {""ask"": 0, ""bid"": 0, ""oi"": 0, ""option_type"": ""CE"", ""strike_price"": 73, ""oich"": 0}, {""ask"": 0, ""bid"": 0, ""oi"": 0, ""option_type"": ""CE"", ""strike_price"": 79, ""oich"": 0}, {""ask"": 0, ""bid"": 0, ""oi"": 103000, ""option_type"": ""PE"", ""strike_price"": 84, ""oich"": 103000}, {""ask"": 0, ""bid"": 0, ""oi"": 178000, ""option_type"": ""PE"", ""strike_price"": 90, ""oich"": 178000}, {""ask"": 0, ""bid"": 0, ""oi"": 59000, ""option_type"": ""PE"", ""strike_price"": 122, ""oich"": 59000}, {""ask"": 0, ""bid"": 0, ""oi"": 16000, ""option_type"": ""CE"", ""strike_price"": 122, ""oich"": 16000}, {""ask"": 0, ""bid"": 0, ""oi"": 0, ""option_type"": ""PE"", ""strike_price"": 107, ""oich"": 0}, {""ask"": 0, ""bid"": 0, ""oi"": 8000, ""option_type"": ""PE"", ""strike_price"": 103, ""oich"": 8000}, {""ask"": 0, ""bid"": 0, ""oi"": 24000, ""option_type"": ""PE"", ""strike_price"": 98, ""oich"": 24000}, {""ask"": 0, ""bid"": 0, ""oi"": 234000, ""option_type"": ""PE"", ""strike_price"": 100, ""oich"": 234000}, {""ask"": 0, ""bid"": 0, ""oi"": 41000, ""option_type"": ""CE"", ""strike_price"": 101, ""oich"": 41000}, {""ask"": 0, ""bid"": 0, ""oi"": 0, ""option_type"": ""CE"", ""strike_price"": 72, ""oich"": 0}, {""ask"": 0, ""bid"": 0, ""oi"": 14000, ""option_type"": ""PE"", ""strike_price"": 102, ""oich"": 14000}, {""ask"": 0, ""bid"": 0, ""oi"": 22000, ""option_type"": ""PE"", ""strike_price"": 97, ""oich"": 22000}, {""ask"": 0, ""bid"": 0, ""oi"": 50000, ""option_type"": ""PE"", ""strike_price"": 92, ""oich"": 50000}, {""ask"": 0, ""bid"": 0, ""oi"": 4000, ""option_type"": ""CE"", ""strike_price"": 74, ""oich"": 4000}, {""ask"": 0, ""bid"": 0, ""oi"": 892000, ""option_type"": ""CE"", ""strike_price"": 100, ""oich"": 892000}, {""ask"": 0, ""bid"": 0, ""oi"": 188000, ""option_type"": ""CE"", ""strike_price"": 88, ""oich"": 188000}, {""ask"": 0, ""bid"": 0, ""oi"": 174000, ""option_type"": ""PE"", ""strike_price"": 85, ""oich"": 174000}, {""ask"": 0, ""bid"": 0, ""oi"": 0, ""option_type"": ""CE"", ""strike_price"": 75, ""oich"": 0}, {""ask"": 0, ""bid"": 0, ""oi"": 13000, ""option_type"": ""CE"", ""strike_price"": 118, ""oich"": 13000}, {""ask"": 0, ""bid"": 0, ""oi"": 86000, ""option_type"": ""PE"", ""strike_price"": 105, ""oich"": 86000}, {""ask"": 0, ""bid"": 0, ""oi"": 0, ""option_type"": ""CE"", ""strike_price"": 64, ""oich"": 0}, {""ask"": 0, ""bid"": 0, ""oi"": 22000, ""option_type"": ""PE"", ""strike_price"": 73, ""oich"": 22000}, {""ask"": 0, ""bid"": 0, ""oi"": 97000, ""option_type"": ""CE"", ""strike_price"": 82, ""oich"": 97000}, {""ask"": 0, ""bid"": 0, ""oi"": 112000, ""option_type"": ""PE"", ""strike_price"": 86, ""oich"": 112000}, {""ask"": 0, ""bid"": 0, ""oi"": 165000, ""option_type"": ""PE"", ""strike_price"": 89, ""oich"": 165000}, {""ask"": 0, ""bid"": 0, ""oi"": 28000, ""option_type"": ""PE"", ""strike_price"": 91, ""oich"": 28000}, {""ask"": 0, ""bid"": 0, ""oi"": 70000, ""option_type"": ""CE"", ""strike_price"": 120, ""oich"": 70000}, {""ask"": 0, ""bid"": 0, ""oi"": 4000, ""option_type"": ""PE"", ""strike_price"": 118, ""oich"": 4000}, {""ask"": 0, ""bid"": 0, ""oi"": 31000, ""option_type"": ""CE"", ""strike_price"": 102, ""oich"": 31000}, {""ask"": 0, ""bid"": 0, ""oi"": 45000, ""option_type"": ""PE"", ""strike_price"": 74, ""oich"": 45000}, {""ask"": 0, ""bid"": 0, ""oi"": 0, ""option_type"": ""CE"", ""strike_price"": 77, ""oich"": 0}, {""ask"": 0, ""bid"": 0, ""oi"": 19000, ""option_type"": ""CE"", ""strike_price"": 78, ""oich"": 19000}, {""ask"": 0, ""bid"": 0, ""oi"": 259000, ""option_type"": ""PE"", ""strike_price"": 83, ""oich"": 259000}, {""ask"": 0, ""bid"": 0, ""oi"": 108000, ""option_type"": ""CE"", ""strike_price"": 86, ""oich"": 108000}, {""ask"": 0, ""bid"": 0, ""oi"": 84000, ""option_type"": ""CE"", ""strike_price"": 91, ""oich"": 84000}, {""ask"": 0, ""bid"": 0, ""oi"": 99000, ""option_type"": ""CE"", ""strike_price"": 92, ""oich"": 99000}, {""ask"": 0, ""bid"": 0, ""oi"": 63000, ""option_type"": ""PE"", ""strike_price"": 93, ""oich"": 63000}, {""ask"": 0, ""bid"": 0, ""oi"": 48000, ""option_type"": ""CE"", ""strike_price"": 103, ""oich"": 48000}, {""ask"": 0, ""bid"": 0, ""oi"": 52000, ""option_type"": ""CE"", ""strike_price"": 115, ""oich"": 52000}, {""ask"": 0, ""bid"": 0, ""oi"": 0, ""option_type"": ""CE"", ""strike_price"": 70, ""oich"": 0}, {""ask"": 0, ""bid"": 0, ""oi"": 69000, ""option_type"": ""CE"", ""strike_price"": 81, ""oich"": 69000}, {""ask"": 0, ""bid"": 0, ""oi"": 88000, ""option_type"": ""CE"", ""strike_price"": 94, ""oich"": 88000}, {""ask"": 0, ""bid"": 0, ""oi"": 232000, ""option_type"": ""CE"", ""strike_price"": 98, ""oich"": 232000}, {""ask"": 0, ""bid"": 0, ""oi"": 4000, ""option_type"": ""PE"", ""strike_price"": 112, ""oich"": 4000}, {""ask"": 0, ""bid"": 0, ""oi"": 0, ""option_type"": ""CE"", ""strike_price"": 76, ""oich"": 0}, {""ask"": 0, ""bid"": 0, ""oi"": 0, ""option_type"": ""CE"", ""strike_price"": 66, ""oich"": 0}, {""ask"": 0, ""bid"": 0, ""oi"": 25000, ""option_type"": ""CE"", ""strike_price"": 68, ""oich"": 25000}, {""ask"": 0, ""bid"": 0, ""oi"": 85000, ""option_type"": ""PE"", ""strike_price"": 120, ""oich"": 85000}, {""ask"": 0, ""bid"": 0, ""oi"": 37000, ""option_type"": ""CE"", ""strike_price"": 109, ""oich"": 37000}, {""ask"": 0, ""bid"": 0, ""oi"": 365000, ""option_type"": ""CE"", ""strike_price"": 105, ""oich"": 365000}, {""ask"": 0, ""bid"": 0, ""oi"": 12000, ""option_type"": ""PE"", ""strike_price"": 104, ""oich"": 12000}, {""ask"": 0, ""bid"": 0, ""oi"": 44000, ""option_type"": ""PE"", ""strike_price"": 101, ""oich"": 44000}, {""ask"": 0, ""bid"": 0, ""oi"": 39000, ""option_type"": ""PE"", ""strike_price"": 99, ""oich"": 39000}, {""ask"": 0, ""bid"": 0, ""oi"": 199000, ""option_type"": ""PE"", ""strike_price"": 95, ""oich"": 199000}, {""ask"": 0, ""bid"": 0, ""oi"": 313000, ""option_type"": ""CE"", ""strike_price"": 90, ""oich"": 313000}, {""ask"": 0, ""bid"": 0, ""oi"": 243000, ""option_type"": ""PE"", ""strike_price"": 80, ""oich"": 243000}, {""ask"": 0, ""bid"": 0, ""oi"": 10000, ""option_type"": ""PE"", ""strike_price"": 70, ""oich"": 10000}, {""ask"": 0, ""bid"": 0, ""oi"": 29000, ""option_type"": ""CE"", ""strike_price"": 107, ""oich"": 29000}, {""ask"": 0, ""bid"": 0, ""oi"": 16000, ""option_type"": ""CE"", ""strike_price"": 108, ""oich"": 16000}, {""ask"": 0, ""bid"": 0, ""oi"": 0, ""option_type"": ""PE"", ""strike_price"": 66, ""oich"": 0}, {""ask"": 0, ""bid"": 0, ""oi"": 123000, ""option_type"": ""CE"", ""strike_price"": 93, ""oich"": 123000}, {""ask"": 0, ""bid"": 0, ""oi"": 122000, ""option_type"": ""CE"", ""strike_price"": 96, ""oich"": 122000}, {""ask"": 0, ""bid"": 0, ""oi"": 35000, ""option_type"": ""PE"", ""strike_price"": 115, ""oich"": 35000}, {""ask"": 0, ""bid"": 0, ""oi"": 101000, ""option_type"": ""PE"", ""strike_price"": 110, ""oich"": 101000}, {""ask"": 0, ""bid"": 0, ""oi"": 3000, ""option_type"": ""PE"", ""strike_price"": 106, ""oich"": 3000}, {""ask"": 0, ""bid"": 0, ""oi"": 38000, ""option_type"": ""CE"", ""strike_price"": 89, ""oich"": 38000}, {""ask"": 0, ""bid"": 0, ""oi"": 111000, ""option_type"": ""PE"", ""strike_price"": 88, ""oich"": 111000}, {""ask"": 0, ""bid"": 0, ""oi"": 0, ""option_type"": ""PE"", ""strike_price"": 76, ""oich"": 0}, {""ask"": 0, ""bid"": 0, ""oi"": 51000, ""option_type"": ""CE"", ""strike_price"": 80, ""oich"": 51000}, {""ask"": 0, ""bid"": 0, ""oi"": 0, ""option_type"": ""PE"", ""strike_price"": 77, ""oich"": 0}, {""ask"": 0, ""bid"": 0, ""oi"": 223000, ""option_type"": ""CE"", ""strike_price"": 87, ""oich"": 223000}, {""ask"": 0, ""bid"": 0, ""oi"": 175000, ""option_type"": ""PE"", ""strike_price"": 87, ""oich"": 175000}, {""ask"": 0, ""bid"": 0, ""oi"": 553000, ""option_type"": ""CE"", ""strike_price"": 95, ""oich"": 553000}, {""ask"": 0, ""bid"": 0, ""oi"": 233000, ""option_type"": ""CE"", ""strike_price"": 97, ""oich"": 233000}, {""ask"": 0, ""bid"": 0, ""oi"": 1000, ""option_type"": ""PE"", ""strike_price"": 111, ""oich"": 1000}, {""ask"": 0, ""bid"": 0, ""oi"": 2000, ""option_type"": ""CE"", ""strike_price"": 112, ""oich"": 2000}, {""ask"": 0, ""bid"": 0, ""oi"": 324000, ""option_type"": ""CE"", ""strike_price"": 110, ""oich"": 324000}, {""ask"": 0, ""bid"": 0, ""oi"": 8000, ""option_type"": ""PE"", ""strike_price"": 108, ""oich"": 8000}, {""ask"": 0, ""bid"": 0, ""oi"": 115000, ""option_type"": ""CE"", ""strike_price"": 99, ""oich"": 115000}, {""ask"": 0, ""bid"": 0, ""oi"": 196000, ""option_type"": ""CE"", ""strike_price"": 85, ""oich"": 196000}, {""ask"": 0, ""bid"": 0, ""oi"": 123000, ""option_type"": ""CE"", ""strike_price"": 83, ""oich"": 123000}, {""ask"": 0, ""bid"": 0, ""oi"": 28000, ""option_type"": ""PE"", ""strike_price"": 81, ""oich"": 28000}, {""ask"": 0, ""bid"": 0, ""oi"": 56000, ""option_type"": ""PE"", ""strike_price"": 78, ""oich"": 56000}, {""ask"": 0, ""bid"": 0, ""oi"": 103000, ""option_type"": ""PE"", ""strike_price"": 75, ""oich"": 103000}, {""ask"": 0, ""bid"": 0, ""oi"": 0, ""option_type"": ""PE"", ""strike_price"": 64, ""oich"": 0}, {""ask"": 0, ""bid"": 0, ""oi"": 67000, ""option_type"": ""PE"", ""strike_price"": 94, ""oich"": 67000}, {""ask"": 0, ""bid"": 0, ""oi"": 87000, ""option_type"": ""CE"", ""strike_price"": 84, ""oich"": 87000}, {""ask"": 0, ""bid"": 0, ""oi"": 22000, ""option_type"": ""CE"", ""strike_price"": 106, ""oich"": 22000}, {""ask"": 0, ""bid"": 0, ""oi"": 4000, ""option_type"": ""CE"", ""strike_price"": 116, ""oich"": 4000}, {""ask"": 0, ""bid"": 0, ""oi"": 2000, ""option_type"": ""CE"", ""strike_price"": 117, ""oich"": 2000}]",3172000,2026-03-17
