callOi,expiryData,indiavixData,optionsChain,putOi,fetched_datetime
2260000,,,"[{""ask"": 0, ""bid"": 0, ""oi"": 2000, ""option_type"": ""PE"", ""strike_price"": 760, ""oich"": 2000}, {""ask"": 0, ""bid"": 0, ""oi"": 1000, ""option_type"": ""CE"", ""strike_price"": 810, ""oich"": 1000}, {""ask"": 0, ""bid"": 0, ""oi"": 0, ""option_type"": ""PE"", ""strike_price"": 1060, ""oich"": 0}, {""ask"": 0, ""bid"": 0, ""oi"": 32000, ""option_type"": ""CE"", ""strike_price"": 1060, ""oich"": 32000}, {""ask"": 0, ""bid"": 0, ""oi"": 0, ""option_type"": ""PE"", ""strike_price"": 1040, ""oich"": 0}, {""ask"": 0, ""bid"": 0, ""oi"": 106000, ""option_type"": ""CE"", ""strike_price"": 1020, ""oich"": 106000}, {""ask"": 0, ""bid"": 0, ""oi"": 54000, ""option_type"": ""PE"", ""strike_price"": 1000, ""oich"": 54000}, {""ask"": 0, ""bid"": 0, ""oi"": 101000, ""option_type"": ""CE"", ""strike_price"": 980, ""oich"": 101000}, {""ask"": 0, ""bid"": 0, ""oi"": 201000, ""option_type"": ""CE"", ""strike_price"": 970, ""oich"": 201000}, {""ask"": 0, ""bid"": 0, ""oi"": 0, ""option_type"": ""CE"", ""strike_price"": 850, ""oich"": 0}, {""ask"": 0, ""bid"": 0, ""oi"": 55000, ""option_type"": ""PE"", ""strike_price"": 920, ""oich"": 55000}, {""ask"": 0, ""bid"": 0, ""oi"": 10000, ""option_type"": ""CE"", ""strike_price"": 760, ""oich"": 10000}, {""ask"": 0, ""bid"": 0, ""oi"": 0, ""option_type"": ""PE"", ""strike_price"": 1080, ""oich"": 0}, {""ask"": 0, ""bid"": 0, ""oi"": 0, ""option_type"": ""PE"", ""strike_price"": 1030, ""oich"": 0}, {""ask"": 0, ""bid"": 0, ""oi"": 1000, ""option_type"": ""PE"", ""strike_price"": 810, ""oich"": 1000}, {""ask"": 0, ""bid"": 0, ""oi"": 52000, ""option_type"": ""PE"", ""strike_price"": 820, ""oich"": 52000}, {""ask"": 0, ""bid"": 0, ""oi"": 77000, ""option_type"": ""PE"", ""strike_price"": 860, ""oich"": 77000}, {""ask"": 0, ""bid"": 0, ""oi"": 299000, ""option_type"": ""CE"", ""strike_price"": 950, ""oich"": 299000}, {""ask"": 0, ""bid"": 0, ""oi"": 82000, ""option_type"": ""CE"", ""strike_price"": 1080, ""oich"": 82000}, {""ask"": 0, ""bid"": 0, ""oi"": 1000, ""option_type"": ""PE"", ""strike_price"": 970, ""oich"": 1000}, {""ask"": 0, ""bid"": 0, ""oi"": 4000, ""option_type"": ""CE"", ""strike_price"": 1030, ""oich"": 4000}, {""ask"": 0, ""bid"": 0, ""oi"": 83000, ""option_type"": ""PE"", ""strike_price"": 960, ""oich"": 83000}, {""ask"": 0, ""bid"": 0, ""oi"": 0, ""option_type"": ""PE"", ""strike_price"": 780, ""oich"": 0}, {""ask"": 0, ""bid"": 0, ""oi"": 1000, ""option_type"": ""PE"", ""strike_price"": 840, ""oich"": 1000}, {""ask"": 0, ""bid"": 0, ""oi"": 0, ""option_type"": ""CE"", ""strike_price"": 840, ""oich"": 0}, {""ask"": 0, ""bid"": 0, ""oi"": 14000, ""option_type"": ""CE"", ""strike_price"": 1040, ""oich"": 14000}, {""ask"": 0, ""bid"": 0, ""oi"": 82000, ""option_type"": ""PE"", ""strike_price"": 940, ""oich"": 82000}, {""ask"": 0, ""bid"": 0, ""oi"": 33000, ""option_type"": ""PE"", ""strike_price"": 930, ""oich"": 33000}, {""ask"": 0, ""bid"": 0, ""oi"": 3000, ""option_type"": ""CE"", ""strike_price"": 910, ""oich"": 3000}, {""ask"": 0, ""bid"": 0, ""oi"": 7000, ""option_type"": ""PE"", ""strike_price"": 890, ""oich"": 7000}, {""ask"": 0, ""bid"": 0, ""oi"": 2000, ""option_type"": ""PE"", ""strike_price"": 850, ""oich"": 2000}, {""ask"": 0, ""bid"": 0, ""oi"": 0, ""option_type"": ""PE"", ""strike_price"": 1020, ""oich"": 0}, {""ask"": 0, ""bid"": 0, ""oi"": 0, ""option_type"": ""CE"", ""strike_price"": 890, ""oich"": 0}, {""ask"": 0, ""bid"": 0, ""oi"": 0, ""option_type"": ""CE"", ""strike_price"": 870, ""oich"": 0}, {""ask"": 0, ""bid"": 0, ""oi"": 20000, ""option_type"": ""PE"", ""strike_price"": 800, ""oich"": 20000}, {""ask"": 0, ""bid"": 0, ""oi"": 0, ""option_type"": ""CE"", ""strike_price"": 780, ""oich"": 0}, {""ask"": 0, ""bid"": 0, ""oi"": 203000, ""option_type"": ""CE"", ""strike_price"": 920, ""oich"": 203000}, {""ask"": 0, ""bid"": 0, ""oi"": 0, ""option_type"": ""PE"", ""strike_price"": 1050, ""oich"": 0}, {""ask"": 0, ""bid"": 0, ""oi"": 2000, ""option_type"": ""CE"", ""strike_price"": 1070, ""oich"": 2000}, {""ask"": 0, ""bid"": 0, ""oi"": 0, ""option_type"": ""CE"", ""strike_price"": 790, ""oich"": 0}, {""ask"": 0, ""bid"": 0, ""oi"": 0, ""option_type"": ""CE"", ""strike_price"": 800, ""oich"": 0}, {""ask"": 0, ""bid"": 0, ""oi"": 0, ""option_type"": ""CE"", ""strike_price"": 830, ""oich"": 0}, {""ask"": 0, ""bid"": 0, ""oi"": 3000, ""option_type"": ""CE"", ""strike_price"": 880, ""oich"": 3000}, {""ask"": 0, ""bid"": 0, ""oi"": 16000, ""option_type"": ""PE"", ""strike_price"": 910, ""oich"": 16000}, {""ask"": 0, ""bid"": 0, ""oi"": 0, ""option_type"": ""CE"", ""strike_price"": 820, ""oich"": 0}, {""ask"": 0, ""bid"": 0, ""oi"": 78000, ""option_type"": ""CE"", ""strike_price"": 900, ""oich"": 78000}, {""ask"": 0, ""bid"": 0, ""oi"": 474000, ""option_type"": ""CE"", ""strike_price"": 1000, ""oich"": 474000}, {""ask"": 0, ""bid"": 0, ""oi"": 10000, ""option_type"": ""CE"", ""strike_price"": 1010, ""oich"": 10000}, {""ask"": 0, ""bid"": 0, ""oi"": 0, ""option_type"": ""PE"", ""strike_price"": 1010, ""oich"": 0}, {""ask"": 0, ""bid"": 0, ""oi"": 222000, ""option_type"": ""CE"", ""strike_price"": 1050, ""oich"": 222000}, {""ask"": 0, ""bid"": 0, ""oi"": 98000, ""option_type"": ""PE"", ""strike_price"": 950, ""oich"": 98000}, {""ask"": 0, ""bid"": 0, ""oi"": 481000, ""option_type"": ""PE"", ""strike_price"": 900, ""oich"": 481000}, {""ask"": 0, ""bid"": 0, ""oi"": 32000, ""option_type"": ""PE"", ""strike_price"": 880, ""oich"": 32000}, {""ask"": 0, ""bid"": 0, ""oi"": 8000, ""option_type"": ""PE"", ""strike_price"": 830, ""oich"": 8000}, {""ask"": 0, ""bid"": 0, ""oi"": 57000, ""option_type"": ""CE"", ""strike_price"": 990, ""oich"": 57000}, {""ask"": 0, ""bid"": 0, ""oi"": 2000, ""option_type"": ""PE"", ""strike_price"": 980, ""oich"": 2000}, {""ask"": 0, ""bid"": 0, ""oi"": 173000, ""option_type"": ""PE"", ""strike_price"": 870, ""oich"": 173000}, {""ask"": 0, ""bid"": 0, ""oi"": 0, ""option_type"": ""CE"", ""strike_price"": 860, ""oich"": 0}, {""ask"": 0, ""bid"": 0, ""oi"": 0, ""option_type"": ""PE"", ""strike_price"": 790, ""oich"": 0}, {""ask"": 0, ""bid"": 0, ""oi"": 0, ""option_type"": ""PE"", ""strike_price"": 1070, ""oich"": 0}, {""ask"": 0, ""bid"": 0, ""oi"": 0, ""option_type"": ""PE"", ""strike_price"": 990, ""oich"": 0}, {""ask"": 0, ""bid"": 0, ""oi"": 58000, ""option_type"": ""CE"", ""strike_price"": 940, ""oich"": 58000}, {""ask"": 0, ""bid"": 0, ""oi"": 256000, ""option_type"": ""CE"", ""strike_price"": 960, ""oich"": 256000}, {""ask"": 0, ""bid"": 0, ""oi"": 44000, ""option_type"": ""CE"", ""strike_price"": 930, ""oich"": 44000}]",1280000,2025-12-29
3340000,,,"[{""ask"": 0, ""bid"": 0, ""oi"": 338000, ""option_type"": ""CE"", ""strike_price"": 960, ""oich"": 82000}, {""ask"": 0, ""bid"": 0, ""oi"": 1000, ""option_type"": ""PE"", ""strike_price"": 840, ""oich"": 0}, {""ask"": 0, ""bid"": 0, ""oi"": 0, ""option_type"": ""CE"", ""strike_price"": 840, ""oich"": 0}, {""ask"": 0, ""bid"": 0, ""oi"": 0, ""option_type"": ""PE"", ""strike_price"": 780, ""oich"": 0}, {""ask"": 0, ""bid"": 0, ""oi"": 4000, ""option_type"": ""CE"", ""strike_price"": 1030, ""oich"": 0}, {""ask"": 0, ""bid"": 0, ""oi"": 1000, ""option_type"": ""PE"", ""strike_price"": 970, ""oich"": 0}, {""ask"": 0, ""bid"": 0, ""oi"": 83000, ""option_type"": ""PE"", ""strike_price"": 960, ""oich"": 0}, {""ask"": 0, ""bid"": 0, ""oi"": 66000, ""option_type"": ""PE"", ""strike_price"": 920, ""oich"": 11000}, {""ask"": 0, ""bid"": 0, ""oi"": 10000, ""option_type"": ""CE"", ""strike_price"": 760, ""oich"": 0}, {""ask"": 0, ""bid"": 0, ""oi"": 0, ""option_type"": ""PE"", ""strike_price"": 1030, ""oich"": 0}, {""ask"": 0, ""bid"": 0, ""oi"": 0, ""option_type"": ""PE"", ""strike_price"": 1080, ""oich"": 0}, {""ask"": 0, ""bid"": 0, ""oi"": 27000, ""option_type"": ""PE"", ""strike_price"": 800, ""oich"": 7000}, {""ask"": 0, ""bid"": 0, ""oi"": 0, ""option_type"": ""CE"", ""strike_price"": 780, ""oich"": 0}, {""ask"": 0, ""bid"": 0, ""oi"": 0, ""option_type"": ""PE"", ""strike_price"": 1020, ""oich"": 0}, {""ask"": 0, ""bid"": 0, ""oi"": 0, ""option_type"": ""CE"", ""strike_price"": 890, ""oich"": 0}, {""ask"": 0, ""bid"": 0, ""oi"": 0, ""option_type"": ""CE"", ""strike_price"": 870, ""oich"": 0}, {""ask"": 0, ""bid"": 0, ""oi"": 0, ""option_type"": ""PE"", ""strike_price"": 1070, ""oich"": 0}, {""ask"": 0, ""bid"": 0, ""oi"": 0, ""option_type"": ""PE"", ""strike_price"": 990, ""oich"": 0}, {""ask"": 0, ""bid"": 0, ""oi"": 276000, ""option_type"": ""CE"", ""strike_price"": 940, ""oich"": 218000}, {""ask"": 0, ""bid"": 0, ""oi"": 0, ""option_type"": ""PE"", ""strike_price"": 790, ""oich"": 0}, {""ask"": 0, ""bid"": 0, ""oi"": 0, ""option_type"": ""PE"", ""strike_price"": 1060, ""oich"": 0}, {""ask"": 0, ""bid"": 0, ""oi"": 0, ""option_type"": ""PE"", ""strike_price"": 1040, ""oich"": 0}, {""ask"": 0, ""bid"": 0, ""oi"": 198000, ""option_type"": ""CE"", ""strike_price"": 1020, ""oich"": 92000}, {""ask"": 0, ""bid"": 0, ""oi"": 56000, ""option_type"": ""PE"", ""strike_price"": 1000, ""oich"": 2000}, {""ask"": 0, ""bid"": 0, ""oi"": 116000, ""option_type"": ""CE"", ""strike_price"": 980, ""oich"": 15000}, {""ask"": 0, ""bid"": 0, ""oi"": 232000, ""option_type"": ""CE"", ""strike_price"": 970, ""oich"": 31000}, {""ask"": 0, ""bid"": 0, ""oi"": 0, ""option_type"": ""CE"", ""strike_price"": 850, ""oich"": 0}, {""ask"": 0, ""bid"": 0, ""oi"": 2000, ""option_type"": ""PE"", ""strike_price"": 760, ""oich"": 0}, {""ask"": 0, ""bid"": 0, ""oi"": 1000, ""option_type"": ""CE"", ""strike_price"": 810, ""oich"": 0}, {""ask"": 0, ""bid"": 0, ""oi"": 32000, ""option_type"": ""CE"", ""strike_price"": 1060, ""oich"": 0}, {""ask"": 0, ""bid"": 0, ""oi"": 623000, ""option_type"": ""CE"", ""strike_price"": 1000, ""oich"": 149000}, {""ask"": 0, ""bid"": 0, ""oi"": 10000, ""option_type"": ""CE"", ""strike_price"": 1010, ""oich"": 0}, {""ask"": 0, ""bid"": 0, ""oi"": 0, ""option_type"": ""PE"", ""strike_price"": 1010, ""oich"": 0}, {""ask"": 0, ""bid"": 0, ""oi"": 0, ""option_type"": ""CE"", ""strike_price"": 820, ""oich"": 0}, {""ask"": 0, ""bid"": 0, ""oi"": 79000, ""option_type"": ""CE"", ""strike_price"": 900, ""oich"": 1000}, {""ask"": 0, ""bid"": 0, ""oi"": 44000, ""option_type"": ""PE"", ""strike_price"": 820, ""oich"": -8000}, {""ask"": 0, ""bid"": 0, ""oi"": 1000, ""option_type"": ""PE"", ""strike_price"": 810, ""oich"": 0}, {""ask"": 0, ""bid"": 0, ""oi"": 107000, ""option_type"": ""CE"", ""strike_price"": 1080, ""oich"": 25000}, {""ask"": 0, ""bid"": 0, ""oi"": 594000, ""option_type"": ""CE"", ""strike_price"": 950, ""oich"": 295000}, {""ask"": 0, ""bid"": 0, ""oi"": 92000, ""option_type"": ""PE"", ""strike_price"": 860, ""oich"": 15000}, {""ask"": 0, ""bid"": 0, ""oi"": 0, ""option_type"": ""CE"", ""strike_price"": 860, ""oich"": 0}, {""ask"": 0, ""bid"": 0, ""oi"": 168000, ""option_type"": ""PE"", ""strike_price"": 870, ""oich"": -5000}, {""ask"": 0, ""bid"": 0, ""oi"": 5000, ""option_type"": ""PE"", ""strike_price"": 980, ""oich"": 3000}, {""ask"": 0, ""bid"": 0, ""oi"": 54000, ""option_type"": ""CE"", ""strike_price"": 990, ""oich"": -3000}, {""ask"": 0, ""bid"": 0, ""oi"": 3000, ""option_type"": ""PE"", ""strike_price"": 850, ""oich"": 1000}, {""ask"": 0, ""bid"": 0, ""oi"": 28000, ""option_type"": ""PE"", ""strike_price"": 890, ""oich"": 21000}, {""ask"": 0, ""bid"": 0, ""oi"": 30000, ""option_type"": ""CE"", ""strike_price"": 910, ""oich"": 27000}, {""ask"": 0, ""bid"": 0, ""oi"": 56000, ""option_type"": ""PE"", ""strike_price"": 930, ""oich"": 23000}, {""ask"": 0, ""bid"": 0, ""oi"": 230000, ""option_type"": ""PE"", ""strike_price"": 940, ""oich"": 148000}, {""ask"": 0, ""bid"": 0, ""oi"": 70000, ""option_type"": ""CE"", ""strike_price"": 1040, ""oich"": 56000}, {""ask"": 0, ""bid"": 0, ""oi"": 8000, ""option_type"": ""PE"", ""strike_price"": 830, ""oich"": 0}, {""ask"": 0, ""bid"": 0, ""oi"": 42000, ""option_type"": ""PE"", ""strike_price"": 880, ""oich"": 10000}, {""ask"": 0, ""bid"": 0, ""oi"": 538000, ""option_type"": ""PE"", ""strike_price"": 900, ""oich"": 57000}, {""ask"": 0, ""bid"": 0, ""oi"": 461000, ""option_type"": ""PE"", ""strike_price"": 950, ""oich"": 363000}, {""ask"": 0, ""bid"": 0, ""oi"": 291000, ""option_type"": ""CE"", ""strike_price"": 1050, ""oich"": 69000}, {""ask"": 0, ""bid"": 0, ""oi"": 0, ""option_type"": ""CE"", ""strike_price"": 800, ""oich"": 0}, {""ask"": 0, ""bid"": 0, ""oi"": 0, ""option_type"": ""CE"", ""strike_price"": 830, ""oich"": 0}, {""ask"": 0, ""bid"": 0, ""oi"": 3000, ""option_type"": ""CE"", ""strike_price"": 880, ""oich"": 0}, {""ask"": 0, ""bid"": 0, ""oi"": 32000, ""option_type"": ""PE"", ""strike_price"": 910, ""oich"": 16000}, {""ask"": 0, ""bid"": 0, ""oi"": 197000, ""option_type"": ""CE"", ""strike_price"": 920, ""oich"": -6000}, {""ask"": 0, ""bid"": 0, ""oi"": 0, ""option_type"": ""PE"", ""strike_price"": 1050, ""oich"": 0}, {""ask"": 0, ""bid"": 0, ""oi"": 3000, ""option_type"": ""CE"", ""strike_price"": 1070, ""oich"": 1000}, {""ask"": 0, ""bid"": 0, ""oi"": 0, ""option_type"": ""CE"", ""strike_price"": 790, ""oich"": 0}, {""ask"": 0, ""bid"": 0, ""oi"": 72000, ""option_type"": ""CE"", ""strike_price"": 930, ""oich"": 28000}]",1944000,2025-12-30
3398000,,,"[{""ask"": 0, ""bid"": 0, ""oi"": 521000, ""option_type"": ""PE"", ""strike_price"": 950, ""oich"": 60000}, {""ask"": 0, ""bid"": 0, ""oi"": 119000, ""option_type"": ""CE"", ""strike_price"": 1080, ""oich"": 12000}, {""ask"": 0, ""bid"": 0, ""oi"": 650000, ""option_type"": ""CE"", ""strike_price"": 950, ""oich"": 56000}, {""ask"": 0, ""bid"": 0, ""oi"": 53000, ""option_type"": ""PE"", ""strike_price"": 820, ""oich"": 9000}, {""ask"": 0, ""bid"": 0, ""oi"": 2000, ""option_type"": ""PE"", ""strike_price"": 810, ""oich"": 1000}, {""ask"": 0, ""bid"": 0, ""oi"": 84000, ""option_type"": ""PE"", ""strike_price"": 860, ""oich"": -8000}, {""ask"": 0, ""bid"": 0, ""oi"": 86000, ""option_type"": ""CE"", ""strike_price"": 1040, ""oich"": 16000}, {""ask"": 0, ""bid"": 0, ""oi"": 231000, ""option_type"": ""PE"", ""strike_price"": 940, ""oich"": 1000}, {""ask"": 0, ""bid"": 0, ""oi"": 69000, ""option_type"": ""PE"", ""strike_price"": 930, ""oich"": 13000}, {""ask"": 0, ""bid"": 0, ""oi"": 29000, ""option_type"": ""CE"", ""strike_price"": 910, ""oich"": -1000}, {""ask"": 0, ""bid"": 0, ""oi"": 39000, ""option_type"": ""PE"", ""strike_price"": 890, ""oich"": 11000}, {""ask"": 0, ""bid"": 0, ""oi"": 9000, ""option_type"": ""PE"", ""strike_price"": 850, ""oich"": 6000}, {""ask"": 0, ""bid"": 0, ""oi"": 2000, ""option_type"": ""PE"", ""strike_price"": 760, ""oich"": 0}, {""ask"": 0, ""bid"": 0, ""oi"": 0, ""option_type"": ""CE"", ""strike_price"": 850, ""oich"": 0}, {""ask"": 0, ""bid"": 0, ""oi"": 177000, ""option_type"": ""CE"", ""strike_price"": 1020, ""oich"": -21000}, {""ask"": 0, ""bid"": 0, ""oi"": 0, ""option_type"": ""PE"", ""strike_price"": 1040, ""oich"": 0}, {""ask"": 0, ""bid"": 0, ""oi"": 42000, ""option_type"": ""CE"", ""strike_price"": 1060, ""oich"": 10000}, {""ask"": 0, ""bid"": 0, ""oi"": 0, ""option_type"": ""PE"", ""strike_price"": 1060, ""oich"": 0}, {""ask"": 0, ""bid"": 0, ""oi"": 60000, ""option_type"": ""PE"", ""strike_price"": 1000, ""oich"": 4000}, {""ask"": 0, ""bid"": 0, ""oi"": 105000, ""option_type"": ""CE"", ""strike_price"": 980, ""oich"": -11000}, {""ask"": 0, ""bid"": 0, ""oi"": 212000, ""option_type"": ""CE"", ""strike_price"": 970, ""oich"": -20000}, {""ask"": 0, ""bid"": 0, ""oi"": 1000, ""option_type"": ""CE"", ""strike_price"": 810, ""oich"": 0}, {""ask"": 0, ""bid"": 0, ""oi"": 83000, ""option_type"": ""CE"", ""strike_price"": 930, ""oich"": 11000}, {""ask"": 0, ""bid"": 0, ""oi"": 376000, ""option_type"": ""CE"", ""strike_price"": 960, ""oich"": 38000}, {""ask"": 0, ""bid"": 0, ""oi"": 286000, ""option_type"": ""CE"", ""strike_price"": 1050, ""oich"": -5000}, {""ask"": 0, ""bid"": 0, ""oi"": 10000, ""option_type"": ""CE"", ""strike_price"": 760, ""oich"": 0}, {""ask"": 0, ""bid"": 0, ""oi"": 0, ""option_type"": ""PE"", ""strike_price"": 1080, ""oich"": 0}, {""ask"": 0, ""bid"": 0, ""oi"": 0, ""option_type"": ""PE"", ""strike_price"": 1030, ""oich"": 0}, {""ask"": 0, ""bid"": 0, ""oi"": 86000, ""option_type"": ""PE"", ""strike_price"": 920, ""oich"": 20000}, {""ask"": 0, ""bid"": 0, ""oi"": 162000, ""option_type"": ""PE"", ""strike_price"": 870, ""oich"": -6000}, {""ask"": 0, ""bid"": 0, ""oi"": 9000, ""option_type"": ""PE"", ""strike_price"": 980, ""oich"": 4000}, {""ask"": 0, ""bid"": 0, ""oi"": 58000, ""option_type"": ""CE"", ""strike_price"": 990, ""oich"": 4000}, {""ask"": 0, ""bid"": 0, ""oi"": 0, ""option_type"": ""CE"", ""strike_price"": 860, ""oich"": 0}, {""ask"": 0, ""bid"": 0, ""oi"": 0, ""option_type"": ""CE"", ""strike_price"": 890, ""oich"": 0}, {""ask"": 0, ""bid"": 0, ""oi"": 0, ""option_type"": ""PE"", ""strike_price"": 1020, ""oich"": 0}, {""ask"": 0, ""bid"": 0, ""oi"": 27000, ""option_type"": ""PE"", ""strike_price"": 800, ""oich"": 0}, {""ask"": 0, ""bid"": 0, ""oi"": 0, ""option_type"": ""CE"", ""strike_price"": 780, ""oich"": 0}, {""ask"": 0, ""bid"": 0, ""oi"": 0, ""option_type"": ""CE"", ""strike_price"": 870, ""oich"": 0}, {""ask"": 0, ""bid"": 0, ""oi"": 248000, ""option_type"": ""CE"", ""strike_price"": 940, ""oich"": -28000}, {""ask"": 0, ""bid"": 0, ""oi"": 0, ""option_type"": ""PE"", ""strike_price"": 790, ""oich"": 0}, {""ask"": 0, ""bid"": 0, ""oi"": 0, ""option_type"": ""PE"", ""strike_price"": 1070, ""oich"": 0}, {""ask"": 0, ""bid"": 0, ""oi"": 0, ""option_type"": ""PE"", ""strike_price"": 990, ""oich"": 0}, {""ask"": 0, ""bid"": 0, ""oi"": 578000, ""option_type"": ""CE"", ""strike_price"": 1000, ""oich"": -45000}, {""ask"": 0, ""bid"": 0, ""oi"": 79000, ""option_type"": ""CE"", ""strike_price"": 900, ""oich"": 0}, {""ask"": 0, ""bid"": 0, ""oi"": 0, ""option_type"": ""CE"", ""strike_price"": 820, ""oich"": 0}, {""ask"": 0, ""bid"": 0, ""oi"": 0, ""option_type"": ""PE"", ""strike_price"": 1010, ""oich"": 0}, {""ask"": 0, ""bid"": 0, ""oi"": 28000, ""option_type"": ""CE"", ""strike_price"": 1010, ""oich"": 18000}, {""ask"": 0, ""bid"": 0, ""oi"": 0, ""option_type"": ""CE"", ""strike_price"": 830, ""oich"": 0}, {""ask"": 0, ""bid"": 0, ""oi"": 2000, ""option_type"": ""CE"", ""strike_price"": 880, ""oich"": -1000}, {""ask"": 0, ""bid"": 0, ""oi"": 33000, ""option_type"": ""PE"", ""strike_price"": 910, ""oich"": 1000}, {""ask"": 0, ""bid"": 0, ""oi"": 198000, ""option_type"": ""CE"", ""strike_price"": 920, ""oich"": 1000}, {""ask"": 0, ""bid"": 0, ""oi"": 0, ""option_type"": ""PE"", ""strike_price"": 1050, ""oich"": 0}, {""ask"": 0, ""bid"": 0, ""oi"": 4000, ""option_type"": ""CE"", ""strike_price"": 1070, ""oich"": 1000}, {""ask"": 0, ""bid"": 0, ""oi"": 0, ""option_type"": ""CE"", ""strike_price"": 800, ""oich"": 0}, {""ask"": 0, ""bid"": 0, ""oi"": 0, ""option_type"": ""CE"", ""strike_price"": 790, ""oich"": 0}, {""ask"": 0, ""bid"": 0, ""oi"": 100000, ""option_type"": ""PE"", ""strike_price"": 960, ""oich"": 17000}, {""ask"": 0, ""bid"": 0, ""oi"": 1000, ""option_type"": ""PE"", ""strike_price"": 840, ""oich"": 0}, {""ask"": 0, ""bid"": 0, ""oi"": 0, ""option_type"": ""CE"", ""strike_price"": 840, ""oich"": 0}, {""ask"": 0, ""bid"": 0, ""oi"": 27000, ""option_type"": ""CE"", ""strike_price"": 1030, ""oich"": 23000}, {""ask"": 0, ""bid"": 0, ""oi"": 1000, ""option_type"": ""PE"", ""strike_price"": 970, ""oich"": 0}, {""ask"": 0, ""bid"": 0, ""oi"": 0, ""option_type"": ""PE"", ""strike_price"": 780, ""oich"": 0}, {""ask"": 0, ""bid"": 0, ""oi"": 8000, ""option_type"": ""PE"", ""strike_price"": 830, ""oich"": 0}, {""ask"": 0, ""bid"": 0, ""oi"": 48000, ""option_type"": ""PE"", ""strike_price"": 880, ""oich"": 6000}, {""ask"": 0, ""bid"": 0, ""oi"": 518000, ""option_type"": ""PE"", ""strike_price"": 900, ""oich"": -20000}]",2063000,2025-12-31
4398000,,,"[{""ask"": 0, ""bid"": 0, ""oi"": 52000, ""option_type"": ""PE"", ""strike_price"": 820, ""oich"": -1000}, {""ask"": 0, ""bid"": 0, ""oi"": 561000, ""option_type"": ""CE"", ""strike_price"": 950, ""oich"": -89000}, {""ask"": 0, ""bid"": 0, ""oi"": 23000, ""option_type"": ""PE"", ""strike_price"": 850, ""oich"": 14000}, {""ask"": 0, ""bid"": 0, ""oi"": 38000, ""option_type"": ""PE"", ""strike_price"": 890, ""oich"": -1000}, {""ask"": 0, ""bid"": 0, ""oi"": 15000, ""option_type"": ""CE"", ""strike_price"": 910, ""oich"": -14000}, {""ask"": 0, ""bid"": 0, ""oi"": 81000, ""option_type"": ""PE"", ""strike_price"": 930, ""oich"": 12000}, {""ask"": 0, ""bid"": 0, ""oi"": 337000, ""option_type"": ""PE"", ""strike_price"": 940, ""oich"": 106000}, {""ask"": 0, ""bid"": 0, ""oi"": 143000, ""option_type"": ""CE"", ""strike_price"": 1040, ""oich"": 57000}, {""ask"": 0, ""bid"": 0, ""oi"": 20000, ""option_type"": ""PE"", ""strike_price"": 800, ""oich"": -7000}, {""ask"": 0, ""bid"": 0, ""oi"": 0, ""option_type"": ""CE"", ""strike_price"": 870, ""oich"": 0}, {""ask"": 0, ""bid"": 0, ""oi"": 0, ""option_type"": ""CE"", ""strike_price"": 890, ""oich"": 0}, {""ask"": 0, ""bid"": 0, ""oi"": 0, ""option_type"": ""PE"", ""strike_price"": 1020, ""oich"": 0}, {""ask"": 0, ""bid"": 0, ""oi"": 217000, ""option_type"": ""CE"", ""strike_price"": 1100, ""oich"": 217000}, {""ask"": 0, ""bid"": 0, ""oi"": 0, ""option_type"": ""PE"", ""strike_price"": 1060, ""oich"": 0}, {""ask"": 0, ""bid"": 0, ""oi"": 73000, ""option_type"": ""CE"", ""strike_price"": 1060, ""oich"": 31000}, {""ask"": 0, ""bid"": 0, ""oi"": 0, ""option_type"": ""PE"", ""strike_price"": 1040, ""oich"": 0}, {""ask"": 0, ""bid"": 0, ""oi"": 197000, ""option_type"": ""CE"", ""strike_price"": 1020, ""oich"": 20000}, {""ask"": 0, ""bid"": 0, ""oi"": 172000, ""option_type"": ""PE"", ""strike_price"": 1000, ""oich"": 112000}, {""ask"": 0, ""bid"": 0, ""oi"": 200000, ""option_type"": ""CE"", ""strike_price"": 980, ""oich"": 95000}, {""ask"": 0, ""bid"": 0, ""oi"": 200000, ""option_type"": ""CE"", ""strike_price"": 970, ""oich"": -12000}, {""ask"": 0, ""bid"": 0, ""oi"": 1000, ""option_type"": ""CE"", ""strike_price"": 810, ""oich"": 0}, {""ask"": 0, ""bid"": 0, ""oi"": 2000, ""option_type"": ""PE"", ""strike_price"": 760, ""oich"": 0}, {""ask"": 0, ""bid"": 0, ""oi"": 0, ""option_type"": ""CE"", ""strike_price"": 860, ""oich"": 0}, {""ask"": 0, ""bid"": 0, ""oi"": 130000, ""option_type"": ""PE"", ""strike_price"": 870, ""oich"": -32000}, {""ask"": 0, ""bid"": 0, ""oi"": 194000, ""option_type"": ""PE"", ""strike_price"": 980, ""oich"": 185000}, {""ask"": 0, ""bid"": 0, ""oi"": 411000, ""option_type"": ""CE"", ""strike_price"": 990, ""oich"": 353000}, {""ask"": 0, ""bid"": 0, ""oi"": 771000, ""option_type"": ""CE"", ""strike_price"": 1000, ""oich"": 193000}, {""ask"": 0, ""bid"": 0, ""oi"": 184000, ""option_type"": ""CE"", ""strike_price"": 1010, ""oich"": 156000}, {""ask"": 0, ""bid"": 0, ""oi"": 0, ""option_type"": ""PE"", ""strike_price"": 1010, ""oich"": 0}, {""ask"": 0, ""bid"": 0, ""oi"": 66000, ""option_type"": ""CE"", ""strike_price"": 900, ""oich"": -13000}, {""ask"": 0, ""bid"": 0, ""oi"": 0, ""option_type"": ""CE"", ""strike_price"": 820, ""oich"": 0}, {""ask"": 0, ""bid"": 0, ""oi"": 83000, ""option_type"": ""PE"", ""strike_price"": 970, ""oich"": 82000}, {""ask"": 0, ""bid"": 0, ""oi"": 212000, ""option_type"": ""PE"", ""strike_price"": 960, ""oich"": 112000}, {""ask"": 0, ""bid"": 0, ""oi"": 1000, ""option_type"": ""PE"", ""strike_price"": 840, ""oich"": 0}, {""ask"": 0, ""bid"": 0, ""oi"": 204000, ""option_type"": ""CE"", ""strike_price"": 1030, ""oich"": 177000}, {""ask"": 0, ""bid"": 0, ""oi"": 0, ""option_type"": ""CE"", ""strike_price"": 840, ""oich"": 0}, {""ask"": 0, ""bid"": 0, ""oi"": 73000, ""option_type"": ""CE"", ""strike_price"": 920, ""oich"": -125000}, {""ask"": 0, ""bid"": 0, ""oi"": 29000, ""option_type"": ""CE"", ""strike_price"": 1070, ""oich"": 25000}, {""ask"": 0, ""bid"": 0, ""oi"": 2000, ""option_type"": ""CE"", ""strike_price"": 880, ""oich"": 0}, {""ask"": 0, ""bid"": 0, ""oi"": 46000, ""option_type"": ""PE"", ""strike_price"": 910, ""oich"": 13000}, {""ask"": 0, ""bid"": 0, ""oi"": 121000, ""option_type"": ""PE"", ""strike_price"": 920, ""oich"": 35000}, {""ask"": 0, ""bid"": 0, ""oi"": 10000, ""option_type"": ""CE"", ""strike_price"": 760, ""oich"": 0}, {""ask"": 0, ""bid"": 0, ""oi"": 0, ""option_type"": ""PE"", ""strike_price"": 1080, ""oich"": 0}, {""ask"": 0, ""bid"": 0, ""oi"": 0, ""option_type"": ""PE"", ""strike_price"": 1030, ""oich"": 0}, {""ask"": 0, ""bid"": 0, ""oi"": 45000, ""option_type"": ""PE"", ""strike_price"": 880, ""oich"": -3000}, {""ask"": 0, ""bid"": 0, ""oi"": 8000, ""option_type"": ""PE"", ""strike_price"": 830, ""oich"": 0}, {""ask"": 0, ""bid"": 0, ""oi"": 540000, ""option_type"": ""PE"", ""strike_price"": 900, ""oich"": 22000}, {""ask"": 0, ""bid"": 0, ""oi"": 438000, ""option_type"": ""CE"", ""strike_price"": 1050, ""oich"": 152000}, {""ask"": 0, ""bid"": 0, ""oi"": 568000, ""option_type"": ""PE"", ""strike_price"": 950, ""oich"": 47000}, {""ask"": 0, ""bid"": 0, ""oi"": 161000, ""option_type"": ""CE"", ""strike_price"": 960, ""oich"": -215000}, {""ask"": 0, ""bid"": 0, ""oi"": 76000, ""option_type"": ""CE"", ""strike_price"": 930, ""oich"": -7000}, {""ask"": 0, ""bid"": 0, ""oi"": 0, ""option_type"": ""PE"", ""strike_price"": 1100, ""oich"": 0}, {""ask"": 0, ""bid"": 0, ""oi"": 184000, ""option_type"": ""CE"", ""strike_price"": 940, ""oich"": -64000}, {""ask"": 0, ""bid"": 0, ""oi"": 96000, ""option_type"": ""PE"", ""strike_price"": 990, ""oich"": 96000}, {""ask"": 0, ""bid"": 0, ""oi"": 182000, ""option_type"": ""CE"", ""strike_price"": 1080, ""oich"": 63000}, {""ask"": 0, ""bid"": 0, ""oi"": 66000, ""option_type"": ""PE"", ""strike_price"": 860, ""oich"": -18000}, {""ask"": 0, ""bid"": 0, ""oi"": 2000, ""option_type"": ""PE"", ""strike_price"": 810, ""oich"": 0}]",2837000,2026-01-01
4062000,,,"[{""ask"": 0, ""bid"": 0, ""oi"": 42000, ""option_type"": ""CE"", ""strike_price"": 1070, ""oich"": 13000}, {""ask"": 0, ""bid"": 0, ""oi"": 6000, ""option_type"": ""PE"", ""strike_price"": 1050, ""oich"": 6000}, {""ask"": 0, ""bid"": 0, ""oi"": 73000, ""option_type"": ""CE"", ""strike_price"": 920, ""oich"": 0}, {""ask"": 0, ""bid"": 0, ""oi"": 38000, ""option_type"": ""PE"", ""strike_price"": 910, ""oich"": -8000}, {""ask"": 0, ""bid"": 0, ""oi"": 2000, ""option_type"": ""CE"", ""strike_price"": 880, ""oich"": 0}, {""ask"": 0, ""bid"": 0, ""oi"": 20000, ""option_type"": ""PE"", ""strike_price"": 800, ""oich"": 0}, {""ask"": 0, ""bid"": 0, ""oi"": 0, ""option_type"": ""CE"", ""strike_price"": 890, ""oich"": 0}, {""ask"": 0, ""bid"": 0, ""oi"": 0, ""option_type"": ""PE"", ""strike_price"": 1020, ""oich"": 0}, {""ask"": 0, ""bid"": 0, ""oi"": 0, ""option_type"": ""CE"", ""strike_price"": 870, ""oich"": 0}, {""ask"": 0, ""bid"": 0, ""oi"": 0, ""option_type"": ""CE"", ""strike_price"": 860, ""oich"": 0}, {""ask"": 0, ""bid"": 0, ""oi"": 89000, ""option_type"": ""PE"", ""strike_price"": 870, ""oich"": -41000}, {""ask"": 0, ""bid"": 0, ""oi"": 216000, ""option_type"": ""PE"", ""strike_price"": 980, ""oich"": 22000}, {""ask"": 0, ""bid"": 0, ""oi"": 158000, ""option_type"": ""CE"", ""strike_price"": 990, ""oich"": -253000}, {""ask"": 0, ""bid"": 0, ""oi"": 10000, ""option_type"": ""CE"", ""strike_price"": 760, ""oich"": 0}, {""ask"": 0, ""bid"": 0, ""oi"": 89000, ""option_type"": ""PE"", ""strike_price"": 920, ""oich"": -32000}, {""ask"": 0, ""bid"": 0, ""oi"": 0, ""option_type"": ""PE"", ""strike_price"": 1030, ""oich"": 0}, {""ask"": 0, ""bid"": 0, ""oi"": 0, ""option_type"": ""PE"", ""strike_price"": 1080, ""oich"": 0}, {""ask"": 0, ""bid"": 0, ""oi"": 120000, ""option_type"": ""PE"", ""strike_price"": 990, ""oich"": 24000}, {""ask"": 0, ""bid"": 0, ""oi"": 151000, ""option_type"": ""CE"", ""strike_price"": 940, ""oich"": -33000}, {""ask"": 0, ""bid"": 0, ""oi"": 0, ""option_type"": ""PE"", ""strike_price"": 1100, ""oich"": 0}, {""ask"": 0, ""bid"": 0, ""oi"": 0, ""option_type"": ""PE"", ""strike_price"": 1070, ""oich"": 0}, {""ask"": 0, ""bid"": 0, ""oi"": 369000, ""option_type"": ""CE"", ""strike_price"": 1080, ""oich"": 187000}, {""ask"": 0, ""bid"": 0, ""oi"": 530000, ""option_type"": ""CE"", ""strike_price"": 950, ""oich"": -31000}, {""ask"": 0, ""bid"": 0, ""oi"": 66000, ""option_type"": ""PE"", ""strike_price"": 860, ""oich"": 0}, {""ask"": 0, ""bid"": 0, ""oi"": 51000, ""option_type"": ""PE"", ""strike_price"": 820, ""oich"": -1000}, {""ask"": 0, ""bid"": 0, ""oi"": 2000, ""option_type"": ""PE"", ""strike_price"": 810, ""oich"": 0}, {""ask"": 0, ""bid"": 0, ""oi"": 586000, ""option_type"": ""PE"", ""strike_price"": 950, ""oich"": 18000}, {""ask"": 0, ""bid"": 0, ""oi"": 430000, ""option_type"": ""CE"", ""strike_price"": 1050, ""oich"": -8000}, {""ask"": 0, ""bid"": 0, ""oi"": 8000, ""option_type"": ""PE"", ""strike_price"": 830, ""oich"": 0}, {""ask"": 0, ""bid"": 0, ""oi"": 69000, ""option_type"": ""PE"", ""strike_price"": 880, ""oich"": 24000}, {""ask"": 0, ""bid"": 0, ""oi"": 603000, ""option_type"": ""PE"", ""strike_price"": 900, ""oich"": 63000}, {""ask"": 0, ""bid"": 0, ""oi"": 23000, ""option_type"": ""PE"", ""strike_price"": 850, ""oich"": 0}, {""ask"": 0, ""bid"": 0, ""oi"": 0, ""option_type"": ""PE"", ""strike_price"": 1120, ""oich"": 0}, {""ask"": 0, ""bid"": 0, ""oi"": 128000, ""option_type"": ""CE"", ""strike_price"": 1040, ""oich"": -15000}, {""ask"": 0, ""bid"": 0, ""oi"": 276000, ""option_type"": ""PE"", ""strike_price"": 940, ""oich"": -61000}, {""ask"": 0, ""bid"": 0, ""oi"": 69000, ""option_type"": ""PE"", ""strike_price"": 930, ""oich"": -12000}, {""ask"": 0, ""bid"": 0, ""oi"": 13000, ""option_type"": ""CE"", ""strike_price"": 910, ""oich"": -2000}, {""ask"": 0, ""bid"": 0, ""oi"": 48000, ""option_type"": ""PE"", ""strike_price"": 890, ""oich"": 10000}, {""ask"": 0, ""bid"": 0, ""oi"": 143000, ""option_type"": ""CE"", ""strike_price"": 960, ""oich"": -18000}, {""ask"": 0, ""bid"": 0, ""oi"": 76000, ""option_type"": ""CE"", ""strike_price"": 930, ""oich"": 0}, {""ask"": 0, ""bid"": 0, ""oi"": 0, ""option_type"": ""CE"", ""strike_price"": 820, ""oich"": 0}, {""ask"": 0, ""bid"": 0, ""oi"": 64000, ""option_type"": ""CE"", ""strike_price"": 900, ""oich"": -2000}, {""ask"": 0, ""bid"": 0, ""oi"": 650000, ""option_type"": ""CE"", ""strike_price"": 1000, ""oich"": -121000}, {""ask"": 0, ""bid"": 0, ""oi"": 139000, ""option_type"": ""CE"", ""strike_price"": 1010, ""oich"": -45000}, {""ask"": 0, ""bid"": 0, ""oi"": 194000, ""option_type"": ""PE"", ""strike_price"": 1010, ""oich"": 194000}, {""ask"": 0, ""bid"": 0, ""oi"": 0, ""option_type"": ""CE"", ""strike_price"": 840, ""oich"": 0}, {""ask"": 0, ""bid"": 0, ""oi"": 0, ""option_type"": ""CE"", ""strike_price"": 1120, ""oich"": 0}, {""ask"": 0, ""bid"": 0, ""oi"": 188000, ""option_type"": ""CE"", ""strike_price"": 1030, ""oich"": -16000}, {""ask"": 0, ""bid"": 0, ""oi"": 69000, ""option_type"": ""PE"", ""strike_price"": 970, ""oich"": -14000}, {""ask"": 0, ""bid"": 0, ""oi"": 240000, ""option_type"": ""PE"", ""strike_price"": 960, ""oich"": 28000}, {""ask"": 0, ""bid"": 0, ""oi"": 1000, ""option_type"": ""PE"", ""strike_price"": 840, ""oich"": 0}, {""ask"": 0, ""bid"": 0, ""oi"": 120000, ""option_type"": ""CE"", ""strike_price"": 980, ""oich"": -80000}, {""ask"": 0, ""bid"": 0, ""oi"": 234000, ""option_type"": ""PE"", ""strike_price"": 1000, ""oich"": 62000}, {""ask"": 0, ""bid"": 0, ""oi"": 238000, ""option_type"": ""CE"", ""strike_price"": 1020, ""oich"": 41000}, {""ask"": 0, ""bid"": 0, ""oi"": 0, ""option_type"": ""PE"", ""strike_price"": 1040, ""oich"": 0}, {""ask"": 0, ""bid"": 0, ""oi"": 281000, ""option_type"": ""CE"", ""strike_price"": 1100, ""oich"": 64000}, {""ask"": 0, ""bid"": 0, ""oi"": 0, ""option_type"": ""PE"", ""strike_price"": 1060, ""oich"": 0}, {""ask"": 0, ""bid"": 0, ""oi"": 91000, ""option_type"": ""CE"", ""strike_price"": 1060, ""oich"": 18000}, {""ask"": 0, ""bid"": 0, ""oi"": 2000, ""option_type"": ""PE"", ""strike_price"": 760, ""oich"": 0}, {""ask"": 0, ""bid"": 0, ""oi"": 1000, ""option_type"": ""CE"", ""strike_price"": 810, ""oich"": 0}, {""ask"": 0, ""bid"": 0, ""oi"": 165000, ""option_type"": ""CE"", ""strike_price"": 970, ""oich"": -35000}]",3119000,2026-01-02
3972000,,,"[{""ask"": 0, ""bid"": 0, ""oi"": 121000, ""option_type"": ""CE"", ""strike_price"": 1040, ""oich"": -7000}, {""ask"": 0, ""bid"": 0, ""oi"": 0, ""option_type"": ""PE"", ""strike_price"": 1100, ""oich"": 0}, {""ask"": 0, ""bid"": 0, ""oi"": 70000, ""option_type"": ""CE"", ""strike_price"": 1140, ""oich"": 70000}, {""ask"": 0, ""bid"": 0, ""oi"": 10000, ""option_type"": ""CE"", ""strike_price"": 760, ""oich"": 0}, {""ask"": 0, ""bid"": 0, ""oi"": 63000, ""option_type"": ""PE"", ""strike_price"": 920, ""oich"": -26000}, {""ask"": 0, ""bid"": 0, ""oi"": 525000, ""option_type"": ""CE"", ""strike_price"": 950, ""oich"": -5000}, {""ask"": 0, ""bid"": 0, ""oi"": 270000, ""option_type"": ""PE"", ""strike_price"": 1000, ""oich"": 36000}, {""ask"": 0, ""bid"": 0, ""oi"": 48000, ""option_type"": ""CE"", ""strike_price"": 1070, ""oich"": 6000}, {""ask"": 0, ""bid"": 0, ""oi"": 0, ""option_type"": ""CE"", ""strike_price"": 1120, ""oich"": 0}, {""ask"": 0, ""bid"": 0, ""oi"": 575000, ""option_type"": ""PE"", ""strike_price"": 950, ""oich"": -11000}, {""ask"": 0, ""bid"": 0, ""oi"": 22000, ""option_type"": ""PE"", ""strike_price"": 850, ""oich"": -1000}, {""ask"": 0, ""bid"": 0, ""oi"": 62000, ""option_type"": ""PE"", ""strike_price"": 860, ""oich"": -4000}, {""ask"": 0, ""bid"": 0, ""oi"": 83000, ""option_type"": ""CE"", ""strike_price"": 1060, ""oich"": -8000}, {""ask"": 0, ""bid"": 0, ""oi"": 6000, ""option_type"": ""PE"", ""strike_price"": 1050, ""oich"": 0}, {""ask"": 0, ""bid"": 0, ""oi"": 212000, ""option_type"": ""PE"", ""strike_price"": 1010, ""oich"": 18000}, {""ask"": 0, ""bid"": 0, ""oi"": 264000, ""option_type"": ""PE"", ""strike_price"": 940, ""oich"": -12000}, {""ask"": 0, ""bid"": 0, ""oi"": 70000, ""option_type"": ""PE"", ""strike_price"": 880, ""oich"": 1000}, {""ask"": 0, ""bid"": 0, ""oi"": 0, ""option_type"": ""CE"", ""strike_price"": 820, ""oich"": 0}, {""ask"": 0, ""bid"": 0, ""oi"": 0, ""option_type"": ""CE"", ""strike_price"": 840, ""oich"": 0}, {""ask"": 0, ""bid"": 0, ""oi"": 6000, ""option_type"": ""CE"", ""strike_price"": 880, ""oich"": 4000}, {""ask"": 0, ""bid"": 0, ""oi"": 120000, ""option_type"": ""CE"", ""strike_price"": 990, ""oich"": -38000}, {""ask"": 0, ""bid"": 0, ""oi"": 151000, ""option_type"": ""PE"", ""strike_price"": 990, ""oich"": 31000}, {""ask"": 0, ""bid"": 0, ""oi"": 10000, ""option_type"": ""PE"", ""strike_price"": 1020, ""oich"": 10000}, {""ask"": 0, ""bid"": 0, ""oi"": 448000, ""option_type"": ""CE"", ""strike_price"": 1050, ""oich"": 18000}, {""ask"": 0, ""bid"": 0, ""oi"": 0, ""option_type"": ""CE"", ""strike_price"": 860, ""oich"": 0}, {""ask"": 0, ""bid"": 0, ""oi"": 2000, ""option_type"": ""PE"", ""strike_price"": 760, ""oich"": 0}, {""ask"": 0, ""bid"": 0, ""oi"": 593000, ""option_type"": ""PE"", ""strike_price"": 900, ""oich"": -10000}, {""ask"": 0, ""bid"": 0, ""oi"": 555000, ""option_type"": ""CE"", ""strike_price"": 1000, ""oich"": -95000}, {""ask"": 0, ""bid"": 0, ""oi"": 0, ""option_type"": ""PE"", ""strike_price"": 1060, ""oich"": 0}, {""ask"": 0, ""bid"": 0, ""oi"": 355000, ""option_type"": ""CE"", ""strike_price"": 1080, ""oich"": -14000}, {""ask"": 0, ""bid"": 0, ""oi"": 0, ""option_type"": ""PE"", ""strike_price"": 1120, ""oich"": 0}, {""ask"": 0, ""bid"": 0, ""oi"": 63000, ""option_type"": ""PE"", ""strike_price"": 930, ""oich"": -6000}, {""ask"": 0, ""bid"": 0, ""oi"": 5000, ""option_type"": ""CE"", ""strike_price"": 870, ""oich"": 5000}, {""ask"": 0, ""bid"": 0, ""oi"": 51000, ""option_type"": ""PE"", ""strike_price"": 820, ""oich"": 0}, {""ask"": 0, ""bid"": 0, ""oi"": 0, ""option_type"": ""PE"", ""strike_price"": 1040, ""oich"": 0}, {""ask"": 0, ""bid"": 0, ""oi"": 104000, ""option_type"": ""CE"", ""strike_price"": 980, ""oich"": -16000}, {""ask"": 0, ""bid"": 0, ""oi"": 0, ""option_type"": ""CE"", ""strike_price"": 1090, ""oich"": 0}, {""ask"": 0, ""bid"": 0, ""oi"": 13000, ""option_type"": ""CE"", ""strike_price"": 910, ""oich"": 0}, {""ask"": 0, ""bid"": 0, ""oi"": 145000, ""option_type"": ""CE"", ""strike_price"": 940, ""oich"": -6000}, {""ask"": 0, ""bid"": 0, ""oi"": 119000, ""option_type"": ""PE"", ""strike_price"": 970, ""oich"": 50000}, {""ask"": 0, ""bid"": 0, ""oi"": 64000, ""option_type"": ""CE"", ""strike_price"": 900, ""oich"": 0}, {""ask"": 0, ""bid"": 0, ""oi"": 129000, ""option_type"": ""CE"", ""strike_price"": 1010, ""oich"": -10000}, {""ask"": 0, ""bid"": 0, ""oi"": 0, ""option_type"": ""PE"", ""strike_price"": 1030, ""oich"": 0}, {""ask"": 0, ""bid"": 0, ""oi"": 0, ""option_type"": ""PE"", ""strike_price"": 1080, ""oich"": 0}, {""ask"": 0, ""bid"": 0, ""oi"": 241000, ""option_type"": ""CE"", ""strike_price"": 1100, ""oich"": -40000}, {""ask"": 0, ""bid"": 0, ""oi"": 0, ""option_type"": ""PE"", ""strike_price"": 1140, ""oich"": 0}, {""ask"": 0, ""bid"": 0, ""oi"": 1000, ""option_type"": ""CE"", ""strike_price"": 810, ""oich"": 0}, {""ask"": 0, ""bid"": 0, ""oi"": 45000, ""option_type"": ""PE"", ""strike_price"": 890, ""oich"": -3000}, {""ask"": 0, ""bid"": 0, ""oi"": 155000, ""option_type"": ""PE"", ""strike_price"": 910, ""oich"": 117000}, {""ask"": 0, ""bid"": 0, ""oi"": 198000, ""option_type"": ""CE"", ""strike_price"": 970, ""oich"": 33000}, {""ask"": 0, ""bid"": 0, ""oi"": 259000, ""option_type"": ""CE"", ""strike_price"": 1020, ""oich"": 21000}, {""ask"": 0, ""bid"": 0, ""oi"": 0, ""option_type"": ""PE"", ""strike_price"": 1070, ""oich"": 0}, {""ask"": 0, ""bid"": 0, ""oi"": 205000, ""option_type"": ""PE"", ""strike_price"": 960, ""oich"": -35000}, {""ask"": 0, ""bid"": 0, ""oi"": 194000, ""option_type"": ""CE"", ""strike_price"": 1030, ""oich"": 6000}, {""ask"": 0, ""bid"": 0, ""oi"": 0, ""option_type"": ""PE"", ""strike_price"": 1090, ""oich"": 0}, {""ask"": 0, ""bid"": 0, ""oi"": 1000, ""option_type"": ""PE"", ""strike_price"": 840, ""oich"": 0}, {""ask"": 0, ""bid"": 0, ""oi"": 71000, ""option_type"": ""CE"", ""strike_price"": 920, ""oich"": -2000}, {""ask"": 0, ""bid"": 0, ""oi"": 76000, ""option_type"": ""CE"", ""strike_price"": 930, ""oich"": 0}, {""ask"": 0, ""bid"": 0, ""oi"": 2000, ""option_type"": ""PE"", ""strike_price"": 810, ""oich"": 0}, {""ask"": 0, ""bid"": 0, ""oi"": 62000, ""option_type"": ""PE"", ""strike_price"": 870, ""oich"": -27000}, {""ask"": 0, ""bid"": 0, ""oi"": 0, ""option_type"": ""CE"", ""strike_price"": 890, ""oich"": 0}, {""ask"": 0, ""bid"": 0, ""oi"": 131000, ""option_type"": ""CE"", ""strike_price"": 960, ""oich"": -12000}, {""ask"": 0, ""bid"": 0, ""oi"": 187000, ""option_type"": ""PE"", ""strike_price"": 980, ""oich"": -29000}, {""ask"": 0, ""bid"": 0, ""oi"": 21000, ""option_type"": ""PE"", ""strike_price"": 800, ""oich"": 1000}, {""ask"": 0, ""bid"": 0, ""oi"": 8000, ""option_type"": ""PE"", ""strike_price"": 830, ""oich"": 0}]",3219000,2026-01-05
4032000,,,"[{""ask"": 0, ""bid"": 0, ""oi"": 13000, ""option_type"": ""CE"", ""strike_price"": 910, ""oich"": 0}, {""ask"": 0, ""bid"": 0, ""oi"": 0, ""option_type"": ""CE"", ""strike_price"": 1090, ""oich"": 0}, {""ask"": 0, ""bid"": 0, ""oi"": 112000, ""option_type"": ""PE"", ""strike_price"": 970, ""oich"": -7000}, {""ask"": 0, ""bid"": 0, ""oi"": 145000, ""option_type"": ""CE"", ""strike_price"": 940, ""oich"": 0}, {""ask"": 0, ""bid"": 0, ""oi"": 0, ""option_type"": ""PE"", ""strike_price"": 1030, ""oich"": 0}, {""ask"": 0, ""bid"": 0, ""oi"": 147000, ""option_type"": ""CE"", ""strike_price"": 1010, ""oich"": 18000}, {""ask"": 0, ""bid"": 0, ""oi"": 76000, ""option_type"": ""CE"", ""strike_price"": 900, ""oich"": 12000}, {""ask"": 0, ""bid"": 0, ""oi"": 74000, ""option_type"": ""CE"", ""strike_price"": 930, ""oich"": -2000}, {""ask"": 0, ""bid"": 0, ""oi"": 71000, ""option_type"": ""CE"", ""strike_price"": 920, ""oich"": 0}, {""ask"": 0, ""bid"": 0, ""oi"": 199000, ""option_type"": ""CE"", ""strike_price"": 1030, ""oich"": 5000}, {""ask"": 0, ""bid"": 0, ""oi"": 0, ""option_type"": ""PE"", ""strike_price"": 1090, ""oich"": 0}, {""ask"": 0, ""bid"": 0, ""oi"": 208000, ""option_type"": ""PE"", ""strike_price"": 960, ""oich"": 3000}, {""ask"": 0, ""bid"": 0, ""oi"": 0, ""option_type"": ""PE"", ""strike_price"": 840, ""oich"": -1000}, {""ask"": 0, ""bid"": 0, ""oi"": 0, ""option_type"": ""PE"", ""strike_price"": 1040, ""oich"": 0}, {""ask"": 0, ""bid"": 0, ""oi"": 141000, ""option_type"": ""CE"", ""strike_price"": 980, ""oich"": 37000}, {""ask"": 0, ""bid"": 0, ""oi"": 61000, ""option_type"": ""PE"", ""strike_price"": 930, ""oich"": -2000}, {""ask"": 0, ""bid"": 0, ""oi"": 5000, ""option_type"": ""CE"", ""strike_price"": 870, ""oich"": 0}, {""ask"": 0, ""bid"": 0, ""oi"": 49000, ""option_type"": ""PE"", ""strike_price"": 820, ""oich"": -2000}, {""ask"": 0, ""bid"": 0, ""oi"": 0, ""option_type"": ""PE"", ""strike_price"": 1120, ""oich"": 0}, {""ask"": 0, ""bid"": 0, ""oi"": 382000, ""option_type"": ""CE"", ""strike_price"": 1080, ""oich"": 27000}, {""ask"": 0, ""bid"": 0, ""oi"": 0, ""option_type"": ""PE"", ""strike_price"": 1060, ""oich"": 0}, {""ask"": 0, ""bid"": 0, ""oi"": 583000, ""option_type"": ""CE"", ""strike_price"": 1000, ""oich"": 28000}, {""ask"": 0, ""bid"": 0, ""oi"": 540000, ""option_type"": ""PE"", ""strike_price"": 900, ""oich"": -53000}, {""ask"": 0, ""bid"": 0, ""oi"": 0, ""option_type"": ""CE"", ""strike_price"": 860, ""oich"": 0}, {""ask"": 0, ""bid"": 0, ""oi"": 2000, ""option_type"": ""PE"", ""strike_price"": 760, ""oich"": 0}, {""ask"": 0, ""bid"": 0, ""oi"": 567000, ""option_type"": ""PE"", ""strike_price"": 950, ""oich"": -8000}, {""ask"": 0, ""bid"": 0, ""oi"": 62000, ""option_type"": ""PE"", ""strike_price"": 860, ""oich"": 0}, {""ask"": 0, ""bid"": 0, ""oi"": 21000, ""option_type"": ""PE"", ""strike_price"": 850, ""oich"": -1000}, {""ask"": 0, ""bid"": 0, ""oi"": 158000, ""option_type"": ""PE"", ""strike_price"": 910, ""oich"": 3000}, {""ask"": 0, ""bid"": 0, ""oi"": 45000, ""option_type"": ""PE"", ""strike_price"": 890, ""oich"": 0}, {""ask"": 0, ""bid"": 0, ""oi"": 1000, ""option_type"": ""CE"", ""strike_price"": 810, ""oich"": 0}, {""ask"": 0, ""bid"": 0, ""oi"": 0, ""option_type"": ""PE"", ""strike_price"": 1140, ""oich"": 0}, {""ask"": 0, ""bid"": 0, ""oi"": 220000, ""option_type"": ""CE"", ""strike_price"": 1100, ""oich"": -21000}, {""ask"": 0, ""bid"": 0, ""oi"": 0, ""option_type"": ""PE"", ""strike_price"": 1070, ""oich"": 0}, {""ask"": 0, ""bid"": 0, ""oi"": 255000, ""option_type"": ""CE"", ""strike_price"": 1020, ""oich"": -4000}, {""ask"": 0, ""bid"": 0, ""oi"": 154000, ""option_type"": ""CE"", ""strike_price"": 970, ""oich"": -44000}, {""ask"": 0, ""bid"": 0, ""oi"": 192000, ""option_type"": ""PE"", ""strike_price"": 980, ""oich"": 5000}, {""ask"": 0, ""bid"": 0, ""oi"": 2000, ""option_type"": ""PE"", ""strike_price"": 810, ""oich"": 0}, {""ask"": 0, ""bid"": 0, ""oi"": 57000, ""option_type"": ""PE"", ""strike_price"": 870, ""oich"": -5000}, {""ask"": 0, ""bid"": 0, ""oi"": 0, ""option_type"": ""CE"", ""strike_price"": 890, ""oich"": 0}, {""ask"": 0, ""bid"": 0, ""oi"": 131000, ""option_type"": ""CE"", ""strike_price"": 960, ""oich"": 0}, {""ask"": 0, ""bid"": 0, ""oi"": 73000, ""option_type"": ""CE"", ""strike_price"": 1140, ""oich"": 3000}, {""ask"": 0, ""bid"": 0, ""oi"": 64000, ""option_type"": ""PE"", ""strike_price"": 920, ""oich"": 1000}, {""ask"": 0, ""bid"": 0, ""oi"": 25000, ""option_type"": ""PE"", ""strike_price"": 800, ""oich"": 4000}, {""ask"": 0, ""bid"": 0, ""oi"": 8000, ""option_type"": ""PE"", ""strike_price"": 830, ""oich"": 0}, {""ask"": 0, ""bid"": 0, ""oi"": 122000, ""option_type"": ""CE"", ""strike_price"": 1040, ""oich"": 1000}, {""ask"": 0, ""bid"": 0, ""oi"": 0, ""option_type"": ""PE"", ""strike_price"": 1080, ""oich"": 0}, {""ask"": 0, ""bid"": 0, ""oi"": 0, ""option_type"": ""PE"", ""strike_price"": 1100, ""oich"": 0}, {""ask"": 0, ""bid"": 0, ""oi"": 133000, ""option_type"": ""PE"", ""strike_price"": 990, ""oich"": -18000}, {""ask"": 0, ""bid"": 0, ""oi"": 110000, ""option_type"": ""CE"", ""strike_price"": 990, ""oich"": -10000}, {""ask"": 0, ""bid"": 0, ""oi"": 5000, ""option_type"": ""CE"", ""strike_price"": 880, ""oich"": -1000}, {""ask"": 0, ""bid"": 0, ""oi"": 0, ""option_type"": ""CE"", ""strike_price"": 840, ""oich"": 0}, {""ask"": 0, ""bid"": 0, ""oi"": 469000, ""option_type"": ""CE"", ""strike_price"": 1050, ""oich"": 21000}, {""ask"": 0, ""bid"": 0, ""oi"": 18000, ""option_type"": ""PE"", ""strike_price"": 1020, ""oich"": 8000}, {""ask"": 0, ""bid"": 0, ""oi"": 68000, ""option_type"": ""CE"", ""strike_price"": 1060, ""oich"": -15000}, {""ask"": 0, ""bid"": 0, ""oi"": 6000, ""option_type"": ""PE"", ""strike_price"": 1050, ""oich"": 0}, {""ask"": 0, ""bid"": 0, ""oi"": 207000, ""option_type"": ""PE"", ""strike_price"": 1010, ""oich"": -5000}, {""ask"": 0, ""bid"": 0, ""oi"": 292000, ""option_type"": ""PE"", ""strike_price"": 940, ""oich"": 28000}, {""ask"": 0, ""bid"": 0, ""oi"": 70000, ""option_type"": ""PE"", ""strike_price"": 880, ""oich"": 0}, {""ask"": 0, ""bid"": 0, ""oi"": 3000, ""option_type"": ""CE"", ""strike_price"": 820, ""oich"": 3000}, {""ask"": 0, ""bid"": 0, ""oi"": 10000, ""option_type"": ""CE"", ""strike_price"": 760, ""oich"": 0}, {""ask"": 0, ""bid"": 0, ""oi"": 0, ""option_type"": ""CE"", ""strike_price"": 1120, ""oich"": 0}, {""ask"": 0, ""bid"": 0, ""oi"": 56000, ""option_type"": ""CE"", ""strike_price"": 1070, ""oich"": 8000}, {""ask"": 0, ""bid"": 0, ""oi"": 282000, ""option_type"": ""PE"", ""strike_price"": 1000, ""oich"": 12000}, {""ask"": 0, ""bid"": 0, ""oi"": 519000, ""option_type"": ""CE"", ""strike_price"": 950, ""oich"": -6000}]",3181000,2026-01-06
4590000,,,"[{""ask"": 0, ""bid"": 0, ""oi"": 145000, ""option_type"": ""CE"", ""strike_price"": 940, ""oich"": 0}, {""ask"": 0, ""bid"": 0, ""oi"": 9000, ""option_type"": ""CE"", ""strike_price"": 910, ""oich"": -4000}, {""ask"": 0, ""bid"": 0, ""oi"": 88000, ""option_type"": ""PE"", ""strike_price"": 970, ""oich"": -24000}, {""ask"": 0, ""bid"": 0, ""oi"": 0, ""option_type"": ""CE"", ""strike_price"": 1090, ""oich"": 0}, {""ask"": 0, ""bid"": 0, ""oi"": 206000, ""option_type"": ""PE"", ""strike_price"": 960, ""oich"": -2000}, {""ask"": 0, ""bid"": 0, ""oi"": 69000, ""option_type"": ""CE"", ""strike_price"": 930, ""oich"": -5000}, {""ask"": 0, ""bid"": 0, ""oi"": 0, ""option_type"": ""PE"", ""strike_price"": 840, ""oich"": 0}, {""ask"": 0, ""bid"": 0, ""oi"": 71000, ""option_type"": ""CE"", ""strike_price"": 920, ""oich"": 0}, {""ask"": 0, ""bid"": 0, ""oi"": 0, ""option_type"": ""PE"", ""strike_price"": 1090, ""oich"": 0}, {""ask"": 0, ""bid"": 0, ""oi"": 186000, ""option_type"": ""CE"", ""strike_price"": 1030, ""oich"": -13000}, {""ask"": 0, ""bid"": 0, ""oi"": 0, ""option_type"": ""CE"", ""strike_price"": 860, ""oich"": 0}, {""ask"": 0, ""bid"": 0, ""oi"": 0, ""option_type"": ""PE"", ""strike_price"": 1120, ""oich"": 0}, {""ask"": 0, ""bid"": 0, ""oi"": 510000, ""option_type"": ""CE"", ""strike_price"": 1080, ""oich"": 128000}, {""ask"": 0, ""bid"": 0, ""oi"": 0, ""option_type"": ""PE"", ""strike_price"": 1060, ""oich"": 0}, {""ask"": 0, ""bid"": 0, ""oi"": 576000, ""option_type"": ""CE"", ""strike_price"": 1000, ""oich"": -7000}, {""ask"": 0, ""bid"": 0, ""oi"": 539000, ""option_type"": ""PE"", ""strike_price"": 900, ""oich"": -1000}, {""ask"": 0, ""bid"": 0, ""oi"": 2000, ""option_type"": ""PE"", ""strike_price"": 760, ""oich"": 0}, {""ask"": 0, ""bid"": 0, ""oi"": 21000, ""option_type"": ""PE"", ""strike_price"": 850, ""oich"": 0}, {""ask"": 0, ""bid"": 0, ""oi"": 47000, ""option_type"": ""PE"", ""strike_price"": 860, ""oich"": -15000}, {""ask"": 0, ""bid"": 0, ""oi"": 557000, ""option_type"": ""PE"", ""strike_price"": 950, ""oich"": -10000}, {""ask"": 0, ""bid"": 0, ""oi"": 6000, ""option_type"": ""PE"", ""strike_price"": 1050, ""oich"": 0}, {""ask"": 0, ""bid"": 0, ""oi"": 241000, ""option_type"": ""PE"", ""strike_price"": 1010, ""oich"": 34000}, {""ask"": 0, ""bid"": 0, ""oi"": 289000, ""option_type"": ""PE"", ""strike_price"": 940, ""oich"": -3000}, {""ask"": 0, ""bid"": 0, ""oi"": 69000, ""option_type"": ""PE"", ""strike_price"": 880, ""oich"": -1000}, {""ask"": 0, ""bid"": 0, ""oi"": 3000, ""option_type"": ""CE"", ""strike_price"": 820, ""oich"": 0}, {""ask"": 0, ""bid"": 0, ""oi"": 106000, ""option_type"": ""CE"", ""strike_price"": 1060, ""oich"": 38000}, {""ask"": 0, ""bid"": 0, ""oi"": 141000, ""option_type"": ""CE"", ""strike_price"": 1010, ""oich"": -6000}, {""ask"": 0, ""bid"": 0, ""oi"": 74000, ""option_type"": ""CE"", ""strike_price"": 900, ""oich"": -2000}, {""ask"": 0, ""bid"": 0, ""oi"": 5000, ""option_type"": ""PE"", ""strike_price"": 1030, ""oich"": 5000}, {""ask"": 0, ""bid"": 0, ""oi"": 380000, ""option_type"": ""CE"", ""strike_price"": 1100, ""oich"": 160000}, {""ask"": 0, ""bid"": 0, ""oi"": 0, ""option_type"": ""PE"", ""strike_price"": 1140, ""oich"": 0}, {""ask"": 0, ""bid"": 0, ""oi"": 151000, ""option_type"": ""CE"", ""strike_price"": 970, ""oich"": -3000}, {""ask"": 0, ""bid"": 0, ""oi"": 153000, ""option_type"": ""PE"", ""strike_price"": 910, ""oich"": -5000}, {""ask"": 0, ""bid"": 0, ""oi"": 45000, ""option_type"": ""PE"", ""strike_price"": 890, ""oich"": 0}, {""ask"": 0, ""bid"": 0, ""oi"": 1000, ""option_type"": ""CE"", ""strike_price"": 810, ""oich"": 0}, {""ask"": 0, ""bid"": 0, ""oi"": 255000, ""option_type"": ""CE"", ""strike_price"": 1020, ""oich"": 0}, {""ask"": 0, ""bid"": 0, ""oi"": 0, ""option_type"": ""PE"", ""strike_price"": 1070, ""oich"": 0}, {""ask"": 0, ""bid"": 0, ""oi"": 2000, ""option_type"": ""PE"", ""strike_price"": 810, ""oich"": 0}, {""ask"": 0, ""bid"": 0, ""oi"": 187000, ""option_type"": ""PE"", ""strike_price"": 980, ""oich"": -5000}, {""ask"": 0, ""bid"": 0, ""oi"": 127000, ""option_type"": ""CE"", ""strike_price"": 960, ""oich"": -4000}, {""ask"": 0, ""bid"": 0, ""oi"": 0, ""option_type"": ""CE"", ""strike_price"": 890, ""oich"": 0}, {""ask"": 0, ""bid"": 0, ""oi"": 48000, ""option_type"": ""PE"", ""strike_price"": 870, ""oich"": -9000}, {""ask"": 0, ""bid"": 0, ""oi"": 10000, ""option_type"": ""CE"", ""strike_price"": 760, ""oich"": 0}, {""ask"": 0, ""bid"": 0, ""oi"": 65000, ""option_type"": ""PE"", ""strike_price"": 920, ""oich"": 1000}, {""ask"": 0, ""bid"": 0, ""oi"": 0, ""option_type"": ""CE"", ""strike_price"": 1120, ""oich"": 0}, {""ask"": 0, ""bid"": 0, ""oi"": 513000, ""option_type"": ""CE"", ""strike_price"": 950, ""oich"": -6000}, {""ask"": 0, ""bid"": 0, ""oi"": 78000, ""option_type"": ""CE"", ""strike_price"": 1070, ""oich"": 22000}, {""ask"": 0, ""bid"": 0, ""oi"": 302000, ""option_type"": ""PE"", ""strike_price"": 1000, ""oich"": 20000}, {""ask"": 0, ""bid"": 0, ""oi"": 8000, ""option_type"": ""PE"", ""strike_price"": 830, ""oich"": 0}, {""ask"": 0, ""bid"": 0, ""oi"": 0, ""option_type"": ""PE"", ""strike_price"": 1080, ""oich"": 0}, {""ask"": 0, ""bid"": 0, ""oi"": 0, ""option_type"": ""PE"", ""strike_price"": 1100, ""oich"": 0}, {""ask"": 0, ""bid"": 0, ""oi"": 73000, ""option_type"": ""CE"", ""strike_price"": 1140, ""oich"": 0}, {""ask"": 0, ""bid"": 0, ""oi"": 136000, ""option_type"": ""CE"", ""strike_price"": 1040, ""oich"": 14000}, {""ask"": 0, ""bid"": 0, ""oi"": 24000, ""option_type"": ""PE"", ""strike_price"": 800, ""oich"": -1000}, {""ask"": 0, ""bid"": 0, ""oi"": 131000, ""option_type"": ""PE"", ""strike_price"": 990, ""oich"": -2000}, {""ask"": 0, ""bid"": 0, ""oi"": 0, ""option_type"": ""CE"", ""strike_price"": 840, ""oich"": 0}, {""ask"": 0, ""bid"": 0, ""oi"": 7000, ""option_type"": ""CE"", ""strike_price"": 880, ""oich"": 2000}, {""ask"": 0, ""bid"": 0, ""oi"": 3000, ""option_type"": ""CE"", ""strike_price"": 870, ""oich"": -2000}, {""ask"": 0, ""bid"": 0, ""oi"": 65000, ""option_type"": ""PE"", ""strike_price"": 930, ""oich"": 4000}, {""ask"": 0, ""bid"": 0, ""oi"": 138000, ""option_type"": ""CE"", ""strike_price"": 980, ""oich"": -3000}, {""ask"": 0, ""bid"": 0, ""oi"": 49000, ""option_type"": ""PE"", ""strike_price"": 820, ""oich"": 0}, {""ask"": 0, ""bid"": 0, ""oi"": 0, ""option_type"": ""PE"", ""strike_price"": 1040, ""oich"": 0}, {""ask"": 0, ""bid"": 0, ""oi"": 708000, ""option_type"": ""CE"", ""strike_price"": 1050, ""oich"": 239000}, {""ask"": 0, ""bid"": 0, ""oi"": 27000, ""option_type"": ""PE"", ""strike_price"": 1020, ""oich"": 9000}, {""ask"": 0, ""bid"": 0, ""oi"": 120000, ""option_type"": ""CE"", ""strike_price"": 990, ""oich"": 10000}]",3176000,2026-01-07
4346000,,,"[{""ask"": 0, ""bid"": 0, ""oi"": 71000, ""option_type"": ""CE"", ""strike_price"": 1140, ""oich"": -2000}, {""ask"": 0, ""bid"": 0, ""oi"": 24000, ""option_type"": ""PE"", ""strike_price"": 800, ""oich"": 0}, {""ask"": 0, ""bid"": 0, ""oi"": 8000, ""option_type"": ""PE"", ""strike_price"": 830, ""oich"": 0}, {""ask"": 0, ""bid"": 0, ""oi"": 0, ""option_type"": ""PE"", ""strike_price"": 1060, ""oich"": 0}, {""ask"": 0, ""bid"": 0, ""oi"": 0, ""option_type"": ""PE"", ""strike_price"": 1120, ""oich"": 0}, {""ask"": 0, ""bid"": 0, ""oi"": 2000, ""option_type"": ""PE"", ""strike_price"": 760, ""oich"": 0}, {""ask"": 0, ""bid"": 0, ""oi"": 0, ""option_type"": ""CE"", ""strike_price"": 860, ""oich"": 0}, {""ask"": 0, ""bid"": 0, ""oi"": 508000, ""option_type"": ""PE"", ""strike_price"": 900, ""oich"": -31000}, {""ask"": 0, ""bid"": 0, ""oi"": 694000, ""option_type"": ""CE"", ""strike_price"": 1000, ""oich"": 118000}, {""ask"": 0, ""bid"": 0, ""oi"": 493000, ""option_type"": ""CE"", ""strike_price"": 1080, ""oich"": -17000}, {""ask"": 0, ""bid"": 0, ""oi"": 48000, ""option_type"": ""PE"", ""strike_price"": 870, ""oich"": 0}, {""ask"": 0, ""bid"": 0, ""oi"": 0, ""option_type"": ""CE"", ""strike_price"": 890, ""oich"": 0}, {""ask"": 0, ""bid"": 0, ""oi"": 123000, ""option_type"": ""CE"", ""strike_price"": 960, ""oich"": -4000}, {""ask"": 0, ""bid"": 0, ""oi"": 173000, ""option_type"": ""PE"", ""strike_price"": 980, ""oich"": -14000}, {""ask"": 0, ""bid"": 0, ""oi"": 2000, ""option_type"": ""PE"", ""strike_price"": 810, ""oich"": 0}, {""ask"": 0, ""bid"": 0, ""oi"": 0, ""option_type"": ""CE"", ""strike_price"": 840, ""oich"": 0}, {""ask"": 0, ""bid"": 0, ""oi"": 4000, ""option_type"": ""CE"", ""strike_price"": 880, ""oich"": -3000}, {""ask"": 0, ""bid"": 0, ""oi"": 153000, ""option_type"": ""CE"", ""strike_price"": 990, ""oich"": 33000}, {""ask"": 0, ""bid"": 0, ""oi"": 90000, ""option_type"": ""PE"", ""strike_price"": 990, ""oich"": -41000}, {""ask"": 0, ""bid"": 0, ""oi"": 27000, ""option_type"": ""PE"", ""strike_price"": 1020, ""oich"": 0}, {""ask"": 0, ""bid"": 0, ""oi"": 429000, ""option_type"": ""CE"", ""strike_price"": 1050, ""oich"": -279000}, {""ask"": 0, ""bid"": 0, ""oi"": 69000, ""option_type"": ""CE"", ""strike_price"": 930, ""oich"": 0}, {""ask"": 0, ""bid"": 0, ""oi"": 71000, ""option_type"": ""CE"", ""strike_price"": 920, ""oich"": 0}, {""ask"": 0, ""bid"": 0, ""oi"": 0, ""option_type"": ""PE"", ""strike_price"": 840, ""oich"": 0}, {""ask"": 0, ""bid"": 0, ""oi"": 0, ""option_type"": ""PE"", ""strike_price"": 1090, ""oich"": 0}, {""ask"": 0, ""bid"": 0, ""oi"": 191000, ""option_type"": ""CE"", ""strike_price"": 1030, ""oich"": 5000}, {""ask"": 0, ""bid"": 0, ""oi"": 209000, ""option_type"": ""PE"", ""strike_price"": 960, ""oich"": 3000}, {""ask"": 0, ""bid"": 0, ""oi"": 45000, ""option_type"": ""PE"", ""strike_price"": 890, ""oich"": 0}, {""ask"": 0, ""bid"": 0, ""oi"": 155000, ""option_type"": ""PE"", ""strike_price"": 910, ""oich"": 2000}, {""ask"": 0, ""bid"": 0, ""oi"": 150000, ""option_type"": ""CE"", ""strike_price"": 970, ""oich"": -1000}, {""ask"": 0, ""bid"": 0, ""oi"": 258000, ""option_type"": ""CE"", ""strike_price"": 1020, ""oich"": 3000}, {""ask"": 0, ""bid"": 0, ""oi"": 0, ""option_type"": ""PE"", ""strike_price"": 1070, ""oich"": 0}, {""ask"": 0, ""bid"": 0, ""oi"": 240000, ""option_type"": ""CE"", ""strike_price"": 1100, ""oich"": -140000}, {""ask"": 0, ""bid"": 0, ""oi"": 0, ""option_type"": ""PE"", ""strike_price"": 1140, ""oich"": 0}, {""ask"": 0, ""bid"": 0, ""oi"": 1000, ""option_type"": ""CE"", ""strike_price"": 810, ""oich"": 0}, {""ask"": 0, ""bid"": 0, ""oi"": 10000, ""option_type"": ""CE"", ""strike_price"": 760, ""oich"": 0}, {""ask"": 0, ""bid"": 0, ""oi"": 75000, ""option_type"": ""PE"", ""strike_price"": 920, ""oich"": 10000}, {""ask"": 0, ""bid"": 0, ""oi"": 510000, ""option_type"": ""CE"", ""strike_price"": 950, ""oich"": -3000}, {""ask"": 0, ""bid"": 0, ""oi"": 242000, ""option_type"": ""PE"", ""strike_price"": 1000, ""oich"": -60000}, {""ask"": 0, ""bid"": 0, ""oi"": 62000, ""option_type"": ""CE"", ""strike_price"": 1070, ""oich"": -16000}, {""ask"": 0, ""bid"": 0, ""oi"": 0, ""option_type"": ""CE"", ""strike_price"": 1120, ""oich"": 0}, {""ask"": 0, ""bid"": 0, ""oi"": 0, ""option_type"": ""CE"", ""strike_price"": 1090, ""oich"": 0}, {""ask"": 0, ""bid"": 0, ""oi"": 9000, ""option_type"": ""CE"", ""strike_price"": 910, ""oich"": 0}, {""ask"": 0, ""bid"": 0, ""oi"": 139000, ""option_type"": ""CE"", ""strike_price"": 940, ""oich"": -6000}, {""ask"": 0, ""bid"": 0, ""oi"": 97000, ""option_type"": ""PE"", ""strike_price"": 970, ""oich"": 9000}, {""ask"": 0, ""bid"": 0, ""oi"": 553000, ""option_type"": ""PE"", ""strike_price"": 950, ""oich"": -4000}, {""ask"": 0, ""bid"": 0, ""oi"": 47000, ""option_type"": ""PE"", ""strike_price"": 860, ""oich"": 0}, {""ask"": 0, ""bid"": 0, ""oi"": 21000, ""option_type"": ""PE"", ""strike_price"": 850, ""oich"": 0}, {""ask"": 0, ""bid"": 0, ""oi"": 3000, ""option_type"": ""CE"", ""strike_price"": 870, ""oich"": 0}, {""ask"": 0, ""bid"": 0, ""oi"": 74000, ""option_type"": ""PE"", ""strike_price"": 930, ""oich"": 9000}, {""ask"": 0, ""bid"": 0, ""oi"": 147000, ""option_type"": ""CE"", ""strike_price"": 980, ""oich"": 9000}, {""ask"": 0, ""bid"": 0, ""oi"": 0, ""option_type"": ""PE"", ""strike_price"": 1040, ""oich"": 0}, {""ask"": 0, ""bid"": 0, ""oi"": 46000, ""option_type"": ""PE"", ""strike_price"": 820, ""oich"": -3000}, {""ask"": 0, ""bid"": 0, ""oi"": 222000, ""option_type"": ""PE"", ""strike_price"": 1010, ""oich"": -19000}, {""ask"": 0, ""bid"": 0, ""oi"": 6000, ""option_type"": ""PE"", ""strike_price"": 1050, ""oich"": 0}, {""ask"": 0, ""bid"": 0, ""oi"": 162000, ""option_type"": ""CE"", ""strike_price"": 1060, ""oich"": 56000}, {""ask"": 0, ""bid"": 0, ""oi"": 3000, ""option_type"": ""CE"", ""strike_price"": 820, ""oich"": 0}, {""ask"": 0, ""bid"": 0, ""oi"": 61000, ""option_type"": ""PE"", ""strike_price"": 880, ""oich"": -8000}, {""ask"": 0, ""bid"": 0, ""oi"": 296000, ""option_type"": ""PE"", ""strike_price"": 940, ""oich"": 7000}, {""ask"": 0, ""bid"": 0, ""oi"": 5000, ""option_type"": ""PE"", ""strike_price"": 1030, ""oich"": 0}, {""ask"": 0, ""bid"": 0, ""oi"": 74000, ""option_type"": ""CE"", ""strike_price"": 900, ""oich"": 0}, {""ask"": 0, ""bid"": 0, ""oi"": 158000, ""option_type"": ""CE"", ""strike_price"": 1010, ""oich"": 17000}, {""ask"": 0, ""bid"": 0, ""oi"": 122000, ""option_type"": ""CE"", ""strike_price"": 1040, ""oich"": -14000}, {""ask"": 0, ""bid"": 0, ""oi"": 0, ""option_type"": ""PE"", ""strike_price"": 1080, ""oich"": 0}, {""ask"": 0, ""bid"": 0, ""oi"": 0, ""option_type"": ""PE"", ""strike_price"": 1100, ""oich"": 0}]",3036000,2026-01-08
4091000,,,"[{""ask"": 0, ""bid"": 0, ""oi"": 70000, ""option_type"": ""CE"", ""strike_price"": 1140, ""oich"": -1000}, {""ask"": 0, ""bid"": 0, ""oi"": 0, ""option_type"": ""PE"", ""strike_price"": 1100, ""oich"": 0}, {""ask"": 0, ""bid"": 0, ""oi"": 24000, ""option_type"": ""PE"", ""strike_price"": 800, ""oich"": 0}, {""ask"": 0, ""bid"": 0, ""oi"": 8000, ""option_type"": ""PE"", ""strike_price"": 830, ""oich"": 0}, {""ask"": 0, ""bid"": 0, ""oi"": 141000, ""option_type"": ""CE"", ""strike_price"": 1040, ""oich"": 19000}, {""ask"": 0, ""bid"": 0, ""oi"": 0, ""option_type"": ""CE"", ""strike_price"": 1090, ""oich"": 0}, {""ask"": 0, ""bid"": 0, ""oi"": 84000, ""option_type"": ""PE"", ""strike_price"": 970, ""oich"": -13000}, {""ask"": 0, ""bid"": 0, ""oi"": 139000, ""option_type"": ""CE"", ""strike_price"": 940, ""oich"": 0}, {""ask"": 0, ""bid"": 0, ""oi"": 9000, ""option_type"": ""CE"", ""strike_price"": 910, ""oich"": 0}, {""ask"": 0, ""bid"": 0, ""oi"": 385000, ""option_type"": ""CE"", ""strike_price"": 1050, ""oich"": -44000}, {""ask"": 0, ""bid"": 0, ""oi"": 26000, ""option_type"": ""PE"", ""strike_price"": 1020, ""oich"": -1000}, {""ask"": 0, ""bid"": 0, ""oi"": 69000, ""option_type"": ""PE"", ""strike_price"": 990, ""oich"": -21000}, {""ask"": 0, ""bid"": 0, ""oi"": 151000, ""option_type"": ""CE"", ""strike_price"": 990, ""oich"": -2000}, {""ask"": 0, ""bid"": 0, ""oi"": 9000, ""option_type"": ""CE"", ""strike_price"": 880, ""oich"": 5000}, {""ask"": 0, ""bid"": 0, ""oi"": 0, ""option_type"": ""CE"", ""strike_price"": 840, ""oich"": 0}, {""ask"": 0, ""bid"": 0, ""oi"": 44000, ""option_type"": ""PE"", ""strike_price"": 860, ""oich"": -3000}, {""ask"": 0, ""bid"": 0, ""oi"": 21000, ""option_type"": ""PE"", ""strike_price"": 850, ""oich"": 0}, {""ask"": 0, ""bid"": 0, ""oi"": 554000, ""option_type"": ""PE"", ""strike_price"": 950, ""oich"": 1000}, {""ask"": 0, ""bid"": 0, ""oi"": 3000, ""option_type"": ""CE"", ""strike_price"": 870, ""oich"": 0}, {""ask"": 0, ""bid"": 0, ""oi"": 46000, ""option_type"": ""PE"", ""strike_price"": 820, ""oich"": 0}, {""ask"": 0, ""bid"": 0, ""oi"": 139000, ""option_type"": ""CE"", ""strike_price"": 980, ""oich"": -8000}, {""ask"": 0, ""bid"": 0, ""oi"": 5000, ""option_type"": ""PE"", ""strike_price"": 1040, ""oich"": 5000}, {""ask"": 0, ""bid"": 0, ""oi"": 67000, ""option_type"": ""PE"", ""strike_price"": 930, ""oich"": -7000}, {""ask"": 0, ""bid"": 0, ""oi"": 4000, ""option_type"": ""PE"", ""strike_price"": 1030, ""oich"": -1000}, {""ask"": 0, ""bid"": 0, ""oi"": 152000, ""option_type"": ""CE"", ""strike_price"": 1010, ""oich"": -6000}, {""ask"": 0, ""bid"": 0, ""oi"": 71000, ""option_type"": ""CE"", ""strike_price"": 900, ""oich"": -3000}, {""ask"": 0, ""bid"": 0, ""oi"": 0, ""option_type"": ""CE"", ""strike_price"": 860, ""oich"": 0}, {""ask"": 0, ""bid"": 0, ""oi"": 489000, ""option_type"": ""PE"", ""strike_price"": 900, ""oich"": -19000}, {""ask"": 0, ""bid"": 0, ""oi"": 570000, ""option_type"": ""CE"", ""strike_price"": 1000, ""oich"": -124000}, {""ask"": 0, ""bid"": 0, ""oi"": 0, ""option_type"": ""PE"", ""strike_price"": 1060, ""oich"": 0}, {""ask"": 0, ""bid"": 0, ""oi"": 472000, ""option_type"": ""CE"", ""strike_price"": 1080, ""oich"": -21000}, {""ask"": 0, ""bid"": 0, ""oi"": 0, ""option_type"": ""PE"", ""strike_price"": 1120, ""oich"": 0}, {""ask"": 0, ""bid"": 0, ""oi"": 2000, ""option_type"": ""PE"", ""strike_price"": 760, ""oich"": 0}, {""ask"": 0, ""bid"": 0, ""oi"": 0, ""option_type"": ""PE"", ""strike_price"": 1090, ""oich"": 0}, {""ask"": 0, ""bid"": 0, ""oi"": 184000, ""option_type"": ""CE"", ""strike_price"": 1030, ""oich"": -7000}, {""ask"": 0, ""bid"": 0, ""oi"": 0, ""option_type"": ""PE"", ""strike_price"": 840, ""oich"": 0}, {""ask"": 0, ""bid"": 0, ""oi"": 71000, ""option_type"": ""CE"", ""strike_price"": 920, ""oich"": 0}, {""ask"": 0, ""bid"": 0, ""oi"": 69000, ""option_type"": ""CE"", ""strike_price"": 930, ""oich"": 0}, {""ask"": 0, ""bid"": 0, ""oi"": 155000, ""option_type"": ""PE"", ""strike_price"": 960, ""oich"": -54000}, {""ask"": 0, ""bid"": 0, ""oi"": 1000, ""option_type"": ""CE"", ""strike_price"": 810, ""oich"": 0}, {""ask"": 0, ""bid"": 0, ""oi"": 45000, ""option_type"": ""PE"", ""strike_price"": 890, ""oich"": 0}, {""ask"": 0, ""bid"": 0, ""oi"": 154000, ""option_type"": ""PE"", ""strike_price"": 910, ""oich"": -1000}, {""ask"": 0, ""bid"": 0, ""oi"": 177000, ""option_type"": ""CE"", ""strike_price"": 970, ""oich"": 27000}, {""ask"": 0, ""bid"": 0, ""oi"": 236000, ""option_type"": ""CE"", ""strike_price"": 1020, ""oich"": -22000}, {""ask"": 0, ""bid"": 0, ""oi"": 0, ""option_type"": ""PE"", ""strike_price"": 1070, ""oich"": 0}, {""ask"": 0, ""bid"": 0, ""oi"": 202000, ""option_type"": ""CE"", ""strike_price"": 1100, ""oich"": -38000}, {""ask"": 0, ""bid"": 0, ""oi"": 0, ""option_type"": ""PE"", ""strike_price"": 1140, ""oich"": 0}, {""ask"": 0, ""bid"": 0, ""oi"": 48000, ""option_type"": ""PE"", ""strike_price"": 870, ""oich"": 0}, {""ask"": 0, ""bid"": 0, ""oi"": 2000, ""option_type"": ""PE"", ""strike_price"": 810, ""oich"": 0}, {""ask"": 0, ""bid"": 0, ""oi"": 0, ""option_type"": ""CE"", ""strike_price"": 890, ""oich"": 0}, {""ask"": 0, ""bid"": 0, ""oi"": 122000, ""option_type"": ""CE"", ""strike_price"": 960, ""oich"": -1000}, {""ask"": 0, ""bid"": 0, ""oi"": 162000, ""option_type"": ""PE"", ""strike_price"": 980, ""oich"": -11000}, {""ask"": 0, ""bid"": 0, ""oi"": 0, ""option_type"": ""CE"", ""strike_price"": 1120, ""oich"": 0}, {""ask"": 0, ""bid"": 0, ""oi"": 38000, ""option_type"": ""CE"", ""strike_price"": 1070, ""oich"": -24000}, {""ask"": 0, ""bid"": 0, ""oi"": 218000, ""option_type"": ""PE"", ""strike_price"": 1000, ""oich"": -24000}, {""ask"": 0, ""bid"": 0, ""oi"": 502000, ""option_type"": ""CE"", ""strike_price"": 950, ""oich"": -8000}, {""ask"": 0, ""bid"": 0, ""oi"": 80000, ""option_type"": ""PE"", ""strike_price"": 920, ""oich"": 5000}, {""ask"": 0, ""bid"": 0, ""oi"": 10000, ""option_type"": ""CE"", ""strike_price"": 760, ""oich"": 0}, {""ask"": 0, ""bid"": 0, ""oi"": 165000, ""option_type"": ""CE"", ""strike_price"": 1060, ""oich"": 3000}, {""ask"": 0, ""bid"": 0, ""oi"": 11000, ""option_type"": ""PE"", ""strike_price"": 1050, ""oich"": 5000}, {""ask"": 0, ""bid"": 0, ""oi"": 3000, ""option_type"": ""CE"", ""strike_price"": 820, ""oich"": 0}, {""ask"": 0, ""bid"": 0, ""oi"": 61000, ""option_type"": ""PE"", ""strike_price"": 880, ""oich"": 0}, {""ask"": 0, ""bid"": 0, ""oi"": 262000, ""option_type"": ""PE"", ""strike_price"": 940, ""oich"": -34000}, {""ask"": 0, ""bid"": 0, ""oi"": 208000, ""option_type"": ""PE"", ""strike_price"": 1010, ""oich"": -14000}, {""ask"": 0, ""bid"": 0, ""oi"": 0, ""option_type"": ""PE"", ""strike_price"": 1080, ""oich"": 0}]",2849000,2026-01-09
4017000,,,"[{""ask"": 0, ""bid"": 0, ""oi"": 0, ""option_type"": ""CE"", ""strike_price"": 840, ""oich"": 0}, {""ask"": 0, ""bid"": 0, ""oi"": 4000, ""option_type"": ""CE"", ""strike_price"": 880, ""oich"": -5000}, {""ask"": 0, ""bid"": 0, ""oi"": 119000, ""option_type"": ""CE"", ""strike_price"": 990, ""oich"": -32000}, {""ask"": 0, ""bid"": 0, ""oi"": 54000, ""option_type"": ""PE"", ""strike_price"": 990, ""oich"": -15000}, {""ask"": 0, ""bid"": 0, ""oi"": 25000, ""option_type"": ""PE"", ""strike_price"": 1020, ""oich"": -1000}, {""ask"": 0, ""bid"": 0, ""oi"": 340000, ""option_type"": ""CE"", ""strike_price"": 1050, ""oich"": -45000}, {""ask"": 0, ""bid"": 0, ""oi"": 70000, ""option_type"": ""CE"", ""strike_price"": 1140, ""oich"": 0}, {""ask"": 0, ""bid"": 0, ""oi"": 8000, ""option_type"": ""PE"", ""strike_price"": 830, ""oich"": 0}, {""ask"": 0, ""bid"": 0, ""oi"": 24000, ""option_type"": ""PE"", ""strike_price"": 800, ""oich"": 0}, {""ask"": 0, ""bid"": 0, ""oi"": 160000, ""option_type"": ""CE"", ""strike_price"": 1040, ""oich"": 19000}, {""ask"": 0, ""bid"": 0, ""oi"": 0, ""option_type"": ""PE"", ""strike_price"": 1080, ""oich"": 0}, {""ask"": 0, ""bid"": 0, ""oi"": 0, ""option_type"": ""PE"", ""strike_price"": 1100, ""oich"": 0}, {""ask"": 0, ""bid"": 0, ""oi"": 2000, ""option_type"": ""PE"", ""strike_price"": 760, ""oich"": 0}, {""ask"": 0, ""bid"": 0, ""oi"": 0, ""option_type"": ""CE"", ""strike_price"": 860, ""oich"": 0}, {""ask"": 0, ""bid"": 0, ""oi"": 475000, ""option_type"": ""PE"", ""strike_price"": 900, ""oich"": -14000}, {""ask"": 0, ""bid"": 0, ""oi"": 533000, ""option_type"": ""CE"", ""strike_price"": 1000, ""oich"": -37000}, {""ask"": 0, ""bid"": 0, ""oi"": 0, ""option_type"": ""PE"", ""strike_price"": 1060, ""oich"": 0}, {""ask"": 0, ""bid"": 0, ""oi"": 383000, ""option_type"": ""CE"", ""strike_price"": 1080, ""oich"": -89000}, {""ask"": 0, ""bid"": 0, ""oi"": 0, ""option_type"": ""PE"", ""strike_price"": 1120, ""oich"": 0}, {""ask"": 0, ""bid"": 0, ""oi"": 3000, ""option_type"": ""PE"", ""strike_price"": 1030, ""oich"": -1000}, {""ask"": 0, ""bid"": 0, ""oi"": 148000, ""option_type"": ""CE"", ""strike_price"": 1010, ""oich"": -4000}, {""ask"": 0, ""bid"": 0, ""oi"": 72000, ""option_type"": ""CE"", ""strike_price"": 900, ""oich"": 1000}, {""ask"": 0, ""bid"": 0, ""oi"": 10000, ""option_type"": ""CE"", ""strike_price"": 760, ""oich"": 0}, {""ask"": 0, ""bid"": 0, ""oi"": 83000, ""option_type"": ""PE"", ""strike_price"": 920, ""oich"": 3000}, {""ask"": 0, ""bid"": 0, ""oi"": 539000, ""option_type"": ""CE"", ""strike_price"": 950, ""oich"": 37000}, {""ask"": 0, ""bid"": 0, ""oi"": 203000, ""option_type"": ""PE"", ""strike_price"": 1000, ""oich"": -15000}, {""ask"": 0, ""bid"": 0, ""oi"": 38000, ""option_type"": ""CE"", ""strike_price"": 1070, ""oich"": 0}, {""ask"": 0, ""bid"": 0, ""oi"": 0, ""option_type"": ""CE"", ""strike_price"": 1120, ""oich"": 0}, {""ask"": 0, ""bid"": 0, ""oi"": 0, ""option_type"": ""PE"", ""strike_price"": 1090, ""oich"": 0}, {""ask"": 0, ""bid"": 0, ""oi"": 192000, ""option_type"": ""CE"", ""strike_price"": 1030, ""oich"": 8000}, {""ask"": 0, ""bid"": 0, ""oi"": 155000, ""option_type"": ""PE"", ""strike_price"": 960, ""oich"": 0}, {""ask"": 0, ""bid"": 0, ""oi"": 71000, ""option_type"": ""CE"", ""strike_price"": 920, ""oich"": 0}, {""ask"": 0, ""bid"": 0, ""oi"": 0, ""option_type"": ""PE"", ""strike_price"": 840, ""oich"": 0}, {""ask"": 0, ""bid"": 0, ""oi"": 69000, ""option_type"": ""CE"", ""strike_price"": 930, ""oich"": 0}, {""ask"": 0, ""bid"": 0, ""oi"": 46000, ""option_type"": ""PE"", ""strike_price"": 820, ""oich"": 0}, {""ask"": 0, ""bid"": 0, ""oi"": 7000, ""option_type"": ""PE"", ""strike_price"": 1040, ""oich"": 2000}, {""ask"": 0, ""bid"": 0, ""oi"": 152000, ""option_type"": ""CE"", ""strike_price"": 980, ""oich"": 13000}, {""ask"": 0, ""bid"": 0, ""oi"": 64000, ""option_type"": ""PE"", ""strike_price"": 930, ""oich"": -3000}, {""ask"": 0, ""bid"": 0, ""oi"": 3000, ""option_type"": ""CE"", ""strike_price"": 870, ""oich"": 0}, {""ask"": 0, ""bid"": 0, ""oi"": 0, ""option_type"": ""CE"", ""strike_price"": 1090, ""oich"": 0}, {""ask"": 0, ""bid"": 0, ""oi"": 70000, ""option_type"": ""PE"", ""strike_price"": 970, ""oich"": -14000}, {""ask"": 0, ""bid"": 0, ""oi"": 137000, ""option_type"": ""CE"", ""strike_price"": 940, ""oich"": -2000}, {""ask"": 0, ""bid"": 0, ""oi"": 9000, ""option_type"": ""CE"", ""strike_price"": 910, ""oich"": 0}, {""ask"": 0, ""bid"": 0, ""oi"": 210000, ""option_type"": ""CE"", ""strike_price"": 1100, ""oich"": 8000}, {""ask"": 0, ""bid"": 0, ""oi"": 0, ""option_type"": ""PE"", ""strike_price"": 1140, ""oich"": 0}, {""ask"": 0, ""bid"": 0, ""oi"": 1000, ""option_type"": ""CE"", ""strike_price"": 810, ""oich"": 0}, {""ask"": 0, ""bid"": 0, ""oi"": 45000, ""option_type"": ""PE"", ""strike_price"": 890, ""oich"": 0}, {""ask"": 0, ""bid"": 0, ""oi"": 152000, ""option_type"": ""PE"", ""strike_price"": 910, ""oich"": -2000}, {""ask"": 0, ""bid"": 0, ""oi"": 179000, ""option_type"": ""CE"", ""strike_price"": 970, ""oich"": 2000}, {""ask"": 0, ""bid"": 0, ""oi"": 256000, ""option_type"": ""CE"", ""strike_price"": 1020, ""oich"": 20000}, {""ask"": 0, ""bid"": 0, ""oi"": 0, ""option_type"": ""PE"", ""strike_price"": 1070, ""oich"": 0}, {""ask"": 0, ""bid"": 0, ""oi"": 44000, ""option_type"": ""PE"", ""strike_price"": 860, ""oich"": 0}, {""ask"": 0, ""bid"": 0, ""oi"": 22000, ""option_type"": ""PE"", ""strike_price"": 850, ""oich"": 1000}, {""ask"": 0, ""bid"": 0, ""oi"": 562000, ""option_type"": ""PE"", ""strike_price"": 950, ""oich"": 8000}, {""ask"": 0, ""bid"": 0, ""oi"": 3000, ""option_type"": ""CE"", ""strike_price"": 820, ""oich"": 0}, {""ask"": 0, ""bid"": 0, ""oi"": 59000, ""option_type"": ""PE"", ""strike_price"": 880, ""oich"": -2000}, {""ask"": 0, ""bid"": 0, ""oi"": 239000, ""option_type"": ""PE"", ""strike_price"": 940, ""oich"": -23000}, {""ask"": 0, ""bid"": 0, ""oi"": 204000, ""option_type"": ""PE"", ""strike_price"": 1010, ""oich"": -4000}, {""ask"": 0, ""bid"": 0, ""oi"": 11000, ""option_type"": ""PE"", ""strike_price"": 1050, ""oich"": 0}, {""ask"": 0, ""bid"": 0, ""oi"": 163000, ""option_type"": ""CE"", ""strike_price"": 1060, ""oich"": -2000}, {""ask"": 0, ""bid"": 0, ""oi"": 2000, ""option_type"": ""PE"", ""strike_price"": 810, ""oich"": 0}, {""ask"": 0, ""bid"": 0, ""oi"": 46000, ""option_type"": ""PE"", ""strike_price"": 870, ""oich"": -2000}, {""ask"": 0, ""bid"": 0, ""oi"": 0, ""option_type"": ""CE"", ""strike_price"": 890, ""oich"": 0}, {""ask"": 0, ""bid"": 0, ""oi"": 156000, ""option_type"": ""CE"", ""strike_price"": 960, ""oich"": 34000}, {""ask"": 0, ""bid"": 0, ""oi"": 175000, ""option_type"": ""PE"", ""strike_price"": 980, ""oich"": 13000}]",2780000,2026-01-12
4237000,,,"[{""ask"": 0, ""bid"": 0, ""oi"": 22000, ""option_type"": ""PE"", ""strike_price"": 850, ""oich"": 0}, {""ask"": 0, ""bid"": 0, ""oi"": 80000, ""option_type"": ""PE"", ""strike_price"": 870, ""oich"": 34000}, {""ask"": 0, ""bid"": 0, ""oi"": 0, ""option_type"": ""CE"", ""strike_price"": 890, ""oich"": 0}, {""ask"": 0, ""bid"": 0, ""oi"": 157000, ""option_type"": ""CE"", ""strike_price"": 960, ""oich"": 1000}, {""ask"": 0, ""bid"": 0, ""oi"": 174000, ""option_type"": ""PE"", ""strike_price"": 980, ""oich"": -1000}, {""ask"": 0, ""bid"": 0, ""oi"": 2000, ""option_type"": ""PE"", ""strike_price"": 810, ""oich"": 0}, {""ask"": 0, ""bid"": 0, ""oi"": 26000, ""option_type"": ""CE"", ""strike_price"": 1070, ""oich"": -12000}, {""ask"": 0, ""bid"": 0, ""oi"": 199000, ""option_type"": ""PE"", ""strike_price"": 1000, ""oich"": -4000}, {""ask"": 0, ""bid"": 0, ""oi"": 540000, ""option_type"": ""CE"", ""strike_price"": 950, ""oich"": 1000}, {""ask"": 0, ""bid"": 0, ""oi"": 103000, ""option_type"": ""PE"", ""strike_price"": 920, ""oich"": 20000}, {""ask"": 0, ""bid"": 0, ""oi"": 10000, ""option_type"": ""CE"", ""strike_price"": 760, ""oich"": 0}, {""ask"": 0, ""bid"": 0, ""oi"": 0, ""option_type"": ""CE"", ""strike_price"": 1120, ""oich"": 0}, {""ask"": 0, ""bid"": 0, ""oi"": 0, ""option_type"": ""PE"", ""strike_price"": 1120, ""oich"": 0}, {""ask"": 0, ""bid"": 0, ""oi"": 312000, ""option_type"": ""CE"", ""strike_price"": 1080, ""oich"": -71000}, {""ask"": 0, ""bid"": 0, ""oi"": 0, ""option_type"": ""PE"", ""strike_price"": 1060, ""oich"": 0}, {""ask"": 0, ""bid"": 0, ""oi"": 666000, ""option_type"": ""CE"", ""strike_price"": 1000, ""oich"": 133000}, {""ask"": 0, ""bid"": 0, ""oi"": 455000, ""option_type"": ""PE"", ""strike_price"": 900, ""oich"": -20000}, {""ask"": 0, ""bid"": 0, ""oi"": 0, ""option_type"": ""CE"", ""strike_price"": 860, ""oich"": 0}, {""ask"": 0, ""bid"": 0, ""oi"": 2000, ""option_type"": ""PE"", ""strike_price"": 760, ""oich"": 0}, {""ask"": 0, ""bid"": 0, ""oi"": 1000, ""option_type"": ""CE"", ""strike_price"": 810, ""oich"": 0}, {""ask"": 0, ""bid"": 0, ""oi"": 45000, ""option_type"": ""PE"", ""strike_price"": 890, ""oich"": 0}, {""ask"": 0, ""bid"": 0, ""oi"": 221000, ""option_type"": ""PE"", ""strike_price"": 910, ""oich"": 69000}, {""ask"": 0, ""bid"": 0, ""oi"": 225000, ""option_type"": ""CE"", ""strike_price"": 970, ""oich"": 46000}, {""ask"": 0, ""bid"": 0, ""oi"": 307000, ""option_type"": ""CE"", ""strike_price"": 1020, ""oich"": 51000}, {""ask"": 0, ""bid"": 0, ""oi"": 0, ""option_type"": ""PE"", ""strike_price"": 1070, ""oich"": 0}, {""ask"": 0, ""bid"": 0, ""oi"": 203000, ""option_type"": ""CE"", ""strike_price"": 1100, ""oich"": -7000}, {""ask"": 0, ""bid"": 0, ""oi"": 0, ""option_type"": ""PE"", ""strike_price"": 1140, ""oich"": 0}, {""ask"": 0, ""bid"": 0, ""oi"": 191000, ""option_type"": ""CE"", ""strike_price"": 1030, ""oich"": -1000}, {""ask"": 0, ""bid"": 0, ""oi"": 0, ""option_type"": ""PE"", ""strike_price"": 1090, ""oich"": 0}, {""ask"": 0, ""bid"": 0, ""oi"": 0, ""option_type"": ""PE"", ""strike_price"": 840, ""oich"": 0}, {""ask"": 0, ""bid"": 0, ""oi"": 73000, ""option_type"": ""CE"", ""strike_price"": 920, ""oich"": 2000}, {""ask"": 0, ""bid"": 0, ""oi"": 73000, ""option_type"": ""CE"", ""strike_price"": 930, ""oich"": 4000}, {""ask"": 0, ""bid"": 0, ""oi"": 133000, ""option_type"": ""PE"", ""strike_price"": 960, ""oich"": -22000}, {""ask"": 0, ""bid"": 0, ""oi"": 0, ""option_type"": ""PE"", ""strike_price"": 1100, ""oich"": 0}, {""ask"": 0, ""bid"": 0, ""oi"": 0, ""option_type"": ""PE"", ""strike_price"": 1080, ""oich"": 0}, {""ask"": 0, ""bid"": 0, ""oi"": 165000, ""option_type"": ""CE"", ""strike_price"": 1040, ""oich"": 5000}, {""ask"": 0, ""bid"": 0, ""oi"": 8000, ""option_type"": ""PE"", ""strike_price"": 830, ""oich"": 0}, {""ask"": 0, ""bid"": 0, ""oi"": 24000, ""option_type"": ""PE"", ""strike_price"": 800, ""oich"": 0}, {""ask"": 0, ""bid"": 0, ""oi"": 70000, ""option_type"": ""CE"", ""strike_price"": 1140, ""oich"": 0}, {""ask"": 0, ""bid"": 0, ""oi"": 4000, ""option_type"": ""CE"", ""strike_price"": 880, ""oich"": 0}, {""ask"": 0, ""bid"": 0, ""oi"": 0, ""option_type"": ""CE"", ""strike_price"": 840, ""oich"": 0}, {""ask"": 0, ""bid"": 0, ""oi"": 293000, ""option_type"": ""CE"", ""strike_price"": 1050, ""oich"": -47000}, {""ask"": 0, ""bid"": 0, ""oi"": 24000, ""option_type"": ""PE"", ""strike_price"": 1020, ""oich"": -1000}, {""ask"": 0, ""bid"": 0, ""oi"": 55000, ""option_type"": ""PE"", ""strike_price"": 990, ""oich"": 1000}, {""ask"": 0, ""bid"": 0, ""oi"": 184000, ""option_type"": ""CE"", ""strike_price"": 990, ""oich"": 65000}, {""ask"": 0, ""bid"": 0, ""oi"": 3000, ""option_type"": ""CE"", ""strike_price"": 820, ""oich"": 0}, {""ask"": 0, ""bid"": 0, ""oi"": 59000, ""option_type"": ""PE"", ""strike_price"": 880, ""oich"": 0}, {""ask"": 0, ""bid"": 0, ""oi"": 171000, ""option_type"": ""PE"", ""strike_price"": 940, ""oich"": -68000}, {""ask"": 0, ""bid"": 0, ""oi"": 204000, ""option_type"": ""PE"", ""strike_price"": 1010, ""oich"": 0}, {""ask"": 0, ""bid"": 0, ""oi"": 16000, ""option_type"": ""PE"", ""strike_price"": 1050, ""oich"": 5000}, {""ask"": 0, ""bid"": 0, ""oi"": 121000, ""option_type"": ""CE"", ""strike_price"": 1060, ""oich"": -42000}, {""ask"": 0, ""bid"": 0, ""oi"": 3000, ""option_type"": ""CE"", ""strike_price"": 870, ""oich"": 0}, {""ask"": 0, ""bid"": 0, ""oi"": 6000, ""option_type"": ""PE"", ""strike_price"": 1040, ""oich"": -1000}, {""ask"": 0, ""bid"": 0, ""oi"": 263000, ""option_type"": ""CE"", ""strike_price"": 980, ""oich"": 111000}, {""ask"": 0, ""bid"": 0, ""oi"": 77000, ""option_type"": ""PE"", ""strike_price"": 930, ""oich"": 13000}, {""ask"": 0, ""bid"": 0, ""oi"": 46000, ""option_type"": ""PE"", ""strike_price"": 820, ""oich"": 0}, {""ask"": 0, ""bid"": 0, ""oi"": 1000, ""option_type"": ""PE"", ""strike_price"": 1030, ""oich"": -2000}, {""ask"": 0, ""bid"": 0, ""oi"": 128000, ""option_type"": ""CE"", ""strike_price"": 1010, ""oich"": -20000}, {""ask"": 0, ""bid"": 0, ""oi"": 72000, ""option_type"": ""CE"", ""strike_price"": 900, ""oich"": 0}, {""ask"": 0, ""bid"": 0, ""oi"": 85000, ""option_type"": ""PE"", ""strike_price"": 970, ""oich"": 15000}, {""ask"": 0, ""bid"": 0, ""oi"": 137000, ""option_type"": ""CE"", ""strike_price"": 940, ""oich"": 0}, {""ask"": 0, ""bid"": 0, ""oi"": 10000, ""option_type"": ""CE"", ""strike_price"": 910, ""oich"": 1000}, {""ask"": 0, ""bid"": 0, ""oi"": 0, ""option_type"": ""CE"", ""strike_price"": 1090, ""oich"": 0}, {""ask"": 0, ""bid"": 0, ""oi"": 44000, ""option_type"": ""PE"", ""strike_price"": 860, ""oich"": 0}, {""ask"": 0, ""bid"": 0, ""oi"": 560000, ""option_type"": ""PE"", ""strike_price"": 950, ""oich"": -2000}]",2816000,2026-01-13
4352000,,,"[{""ask"": 0, ""bid"": 0, ""oi"": 4000, ""option_type"": ""CE"", ""strike_price"": 880, ""oich"": 0}, {""ask"": 0, ""bid"": 0, ""oi"": 129000, ""option_type"": ""CE"", ""strike_price"": 990, ""oich"": -55000}, {""ask"": 0, ""bid"": 0, ""oi"": 52000, ""option_type"": ""PE"", ""strike_price"": 990, ""oich"": -3000}, {""ask"": 0, ""bid"": 0, ""oi"": 25000, ""option_type"": ""PE"", ""strike_price"": 1020, ""oich"": 1000}, {""ask"": 0, ""bid"": 0, ""oi"": 336000, ""option_type"": ""CE"", ""strike_price"": 1050, ""oich"": 43000}, {""ask"": 0, ""bid"": 0, ""oi"": 3000, ""option_type"": ""CE"", ""strike_price"": 820, ""oich"": 0}, {""ask"": 0, ""bid"": 0, ""oi"": 72000, ""option_type"": ""PE"", ""strike_price"": 880, ""oich"": 13000}, {""ask"": 0, ""bid"": 0, ""oi"": 167000, ""option_type"": ""PE"", ""strike_price"": 940, ""oich"": -4000}, {""ask"": 0, ""bid"": 0, ""oi"": 204000, ""option_type"": ""PE"", ""strike_price"": 1010, ""oich"": 0}, {""ask"": 0, ""bid"": 0, ""oi"": 15000, ""option_type"": ""PE"", ""strike_price"": 1050, ""oich"": -1000}, {""ask"": 0, ""bid"": 0, ""oi"": 123000, ""option_type"": ""CE"", ""strike_price"": 1060, ""oich"": 2000}, {""ask"": 0, ""bid"": 0, ""oi"": 0, ""option_type"": ""CE"", ""strike_price"": 840, ""oich"": 0}, {""ask"": 0, ""bid"": 0, ""oi"": 0, ""option_type"": ""PE"", ""strike_price"": 1140, ""oich"": 0}, {""ask"": 0, ""bid"": 0, ""oi"": 208000, ""option_type"": ""CE"", ""strike_price"": 1100, ""oich"": 5000}, {""ask"": 0, ""bid"": 0, ""oi"": 0, ""option_type"": ""PE"", ""strike_price"": 1070, ""oich"": 0}, {""ask"": 0, ""bid"": 0, ""oi"": 417000, ""option_type"": ""CE"", ""strike_price"": 1020, ""oich"": 110000}, {""ask"": 0, ""bid"": 0, ""oi"": 219000, ""option_type"": ""CE"", ""strike_price"": 970, ""oich"": -6000}, {""ask"": 0, ""bid"": 0, ""oi"": 221000, ""option_type"": ""PE"", ""strike_price"": 910, ""oich"": 0}, {""ask"": 0, ""bid"": 0, ""oi"": 41000, ""option_type"": ""PE"", ""strike_price"": 890, ""oich"": -4000}, {""ask"": 0, ""bid"": 0, ""oi"": 1000, ""option_type"": ""CE"", ""strike_price"": 810, ""oich"": 0}, {""ask"": 0, ""bid"": 0, ""oi"": 564000, ""option_type"": ""PE"", ""strike_price"": 950, ""oich"": 4000}, {""ask"": 0, ""bid"": 0, ""oi"": 22000, ""option_type"": ""PE"", ""strike_price"": 850, ""oich"": 0}, {""ask"": 0, ""bid"": 0, ""oi"": 45000, ""option_type"": ""PE"", ""strike_price"": 860, ""oich"": 1000}, {""ask"": 0, ""bid"": 0, ""oi"": 0, ""option_type"": ""PE"", ""strike_price"": 1080, ""oich"": 0}, {""ask"": 0, ""bid"": 0, ""oi"": 0, ""option_type"": ""PE"", ""strike_price"": 1100, ""oich"": 0}, {""ask"": 0, ""bid"": 0, ""oi"": 165000, ""option_type"": ""CE"", ""strike_price"": 1040, ""oich"": 0}, {""ask"": 0, ""bid"": 0, ""oi"": 35000, ""option_type"": ""PE"", ""strike_price"": 800, ""oich"": 11000}, {""ask"": 0, ""bid"": 0, ""oi"": 8000, ""option_type"": ""PE"", ""strike_price"": 830, ""oich"": 0}, {""ask"": 0, ""bid"": 0, ""oi"": 45000, ""option_type"": ""CE"", ""strike_price"": 1140, ""oich"": -25000}, {""ask"": 0, ""bid"": 0, ""oi"": 311000, ""option_type"": ""CE"", ""strike_price"": 980, ""oich"": 48000}, {""ask"": 0, ""bid"": 0, ""oi"": 5000, ""option_type"": ""PE"", ""strike_price"": 1040, ""oich"": -1000}, {""ask"": 0, ""bid"": 0, ""oi"": 56000, ""option_type"": ""PE"", ""strike_price"": 820, ""oich"": 10000}, {""ask"": 0, ""bid"": 0, ""oi"": 3000, ""option_type"": ""CE"", ""strike_price"": 870, ""oich"": 0}, {""ask"": 0, ""bid"": 0, ""oi"": 82000, ""option_type"": ""PE"", ""strike_price"": 930, ""oich"": 5000}, {""ask"": 0, ""bid"": 0, ""oi"": 451000, ""option_type"": ""PE"", ""strike_price"": 900, ""oich"": -4000}, {""ask"": 0, ""bid"": 0, ""oi"": 0, ""option_type"": ""PE"", ""strike_price"": 1060, ""oich"": 0}, {""ask"": 0, ""bid"": 0, ""oi"": 715000, ""option_type"": ""CE"", ""strike_price"": 1000, ""oich"": 49000}, {""ask"": 0, ""bid"": 0, ""oi"": 247000, ""option_type"": ""CE"", ""strike_price"": 1080, ""oich"": -65000}, {""ask"": 0, ""bid"": 0, ""oi"": 0, ""option_type"": ""PE"", ""strike_price"": 1120, ""oich"": 0}, {""ask"": 0, ""bid"": 0, ""oi"": 20000, ""option_type"": ""PE"", ""strike_price"": 760, ""oich"": 18000}, {""ask"": 0, ""bid"": 0, ""oi"": 0, ""option_type"": ""CE"", ""strike_price"": 860, ""oich"": 0}, {""ask"": 0, ""bid"": 0, ""oi"": 157000, ""option_type"": ""CE"", ""strike_price"": 960, ""oich"": 0}, {""ask"": 0, ""bid"": 0, ""oi"": 0, ""option_type"": ""CE"", ""strike_price"": 890, ""oich"": 0}, {""ask"": 0, ""bid"": 0, ""oi"": 83000, ""option_type"": ""PE"", ""strike_price"": 870, ""oich"": 3000}, {""ask"": 0, ""bid"": 0, ""oi"": 2000, ""option_type"": ""PE"", ""strike_price"": 810, ""oich"": 0}, {""ask"": 0, ""bid"": 0, ""oi"": 250000, ""option_type"": ""PE"", ""strike_price"": 980, ""oich"": 76000}, {""ask"": 0, ""bid"": 0, ""oi"": 10000, ""option_type"": ""CE"", ""strike_price"": 910, ""oich"": 0}, {""ask"": 0, ""bid"": 0, ""oi"": 137000, ""option_type"": ""CE"", ""strike_price"": 940, ""oich"": 0}, {""ask"": 0, ""bid"": 0, ""oi"": 122000, ""option_type"": ""PE"", ""strike_price"": 970, ""oich"": 37000}, {""ask"": 0, ""bid"": 0, ""oi"": 1000, ""option_type"": ""CE"", ""strike_price"": 1090, ""oich"": 1000}, {""ask"": 0, ""bid"": 0, ""oi"": 10000, ""option_type"": ""CE"", ""strike_price"": 760, ""oich"": 0}, {""ask"": 0, ""bid"": 0, ""oi"": 106000, ""option_type"": ""PE"", ""strike_price"": 920, ""oich"": 3000}, {""ask"": 0, ""bid"": 0, ""oi"": 544000, ""option_type"": ""CE"", ""strike_price"": 950, ""oich"": 4000}, {""ask"": 0, ""bid"": 0, ""oi"": 198000, ""option_type"": ""PE"", ""strike_price"": 1000, ""oich"": -1000}, {""ask"": 0, ""bid"": 0, ""oi"": 35000, ""option_type"": ""CE"", ""strike_price"": 1070, ""oich"": 9000}, {""ask"": 0, ""bid"": 0, ""oi"": 0, ""option_type"": ""CE"", ""strike_price"": 1120, ""oich"": 0}, {""ask"": 0, ""bid"": 0, ""oi"": 72000, ""option_type"": ""CE"", ""strike_price"": 900, ""oich"": 0}, {""ask"": 0, ""bid"": 0, ""oi"": 114000, ""option_type"": ""CE"", ""strike_price"": 1010, ""oich"": -14000}, {""ask"": 0, ""bid"": 0, ""oi"": 1000, ""option_type"": ""PE"", ""strike_price"": 1030, ""oich"": 0}, {""ask"": 0, ""bid"": 0, ""oi"": 0, ""option_type"": ""PE"", ""strike_price"": 1090, ""oich"": 0}, {""ask"": 0, ""bid"": 0, ""oi"": 200000, ""option_type"": ""CE"", ""strike_price"": 1030, ""oich"": 9000}, {""ask"": 0, ""bid"": 0, ""oi"": 193000, ""option_type"": ""PE"", ""strike_price"": 960, ""oich"": 60000}, {""ask"": 0, ""bid"": 0, ""oi"": 73000, ""option_type"": ""CE"", ""strike_price"": 930, ""oich"": 0}, {""ask"": 0, ""bid"": 0, ""oi"": 73000, ""option_type"": ""CE"", ""strike_price"": 920, ""oich"": 0}, {""ask"": 0, ""bid"": 0, ""oi"": 0, ""option_type"": ""PE"", ""strike_price"": 840, ""oich"": 0}]",3040000,2026-01-14
4505000,,,"[{""ask"": 0, ""bid"": 0, ""oi"": 106000, ""option_type"": ""CE"", ""strike_price"": 1060, ""oich"": -17000}, {""ask"": 0, ""bid"": 0, ""oi"": 15000, ""option_type"": ""PE"", ""strike_price"": 1050, ""oich"": 0}, {""ask"": 0, ""bid"": 0, ""oi"": 183000, ""option_type"": ""PE"", ""strike_price"": 1010, ""oich"": -21000}, {""ask"": 0, ""bid"": 0, ""oi"": 162000, ""option_type"": ""PE"", ""strike_price"": 940, ""oich"": -5000}, {""ask"": 0, ""bid"": 0, ""oi"": 41000, ""option_type"": ""PE"", ""strike_price"": 860, ""oich"": -4000}, {""ask"": 0, ""bid"": 0, ""oi"": 22000, ""option_type"": ""PE"", ""strike_price"": 850, ""oich"": 0}, {""ask"": 0, ""bid"": 0, ""oi"": 576000, ""option_type"": ""PE"", ""strike_price"": 950, ""oich"": 12000}, {""ask"": 0, ""bid"": 0, ""oi"": 216000, ""option_type"": ""PE"", ""strike_price"": 910, ""oich"": -5000}, {""ask"": 0, ""bid"": 0, ""oi"": 29000, ""option_type"": ""PE"", ""strike_price"": 890, ""oich"": -12000}, {""ask"": 0, ""bid"": 0, ""oi"": 1000, ""option_type"": ""CE"", ""strike_price"": 810, ""oich"": 0}, {""ask"": 0, ""bid"": 0, ""oi"": 0, ""option_type"": ""PE"", ""strike_price"": 1140, ""oich"": 0}, {""ask"": 0, ""bid"": 0, ""oi"": 217000, ""option_type"": ""CE"", ""strike_price"": 1100, ""oich"": 9000}, {""ask"": 0, ""bid"": 0, ""oi"": 0, ""option_type"": ""PE"", ""strike_price"": 1070, ""oich"": 0}, {""ask"": 0, ""bid"": 0, ""oi"": 429000, ""option_type"": ""CE"", ""strike_price"": 1020, ""oich"": 12000}, {""ask"": 0, ""bid"": 0, ""oi"": 245000, ""option_type"": ""CE"", ""strike_price"": 970, ""oich"": 26000}, {""ask"": 0, ""bid"": 0, ""oi"": 190000, ""option_type"": ""PE"", ""strike_price"": 960, ""oich"": -3000}, {""ask"": 0, ""bid"": 0, ""oi"": 73000, ""option_type"": ""CE"", ""strike_price"": 930, ""oich"": 0}, {""ask"": 0, ""bid"": 0, ""oi"": 73000, ""option_type"": ""CE"", ""strike_price"": 920, ""oich"": 0}, {""ask"": 0, ""bid"": 0, ""oi"": 5000, ""option_type"": ""PE"", ""strike_price"": 840, ""oich"": 5000}, {""ask"": 0, ""bid"": 0, ""oi"": 201000, ""option_type"": ""CE"", ""strike_price"": 1030, ""oich"": 1000}, {""ask"": 0, ""bid"": 0, ""oi"": 0, ""option_type"": ""PE"", ""strike_price"": 1090, ""oich"": 0}, {""ask"": 0, ""bid"": 0, ""oi"": 0, ""option_type"": ""CE"", ""strike_price"": 1120, ""oich"": 0}, {""ask"": 0, ""bid"": 0, ""oi"": 193000, ""option_type"": ""PE"", ""strike_price"": 1000, ""oich"": -5000}, {""ask"": 0, ""bid"": 0, ""oi"": 7000, ""option_type"": ""CE"", ""strike_price"": 760, ""oich"": -3000}, {""ask"": 0, ""bid"": 0, ""oi"": 107000, ""option_type"": ""PE"", ""strike_price"": 920, ""oich"": 1000}, {""ask"": 0, ""bid"": 0, ""oi"": 506000, ""option_type"": ""CE"", ""strike_price"": 950, ""oich"": -38000}, {""ask"": 0, ""bid"": 0, ""oi"": 41000, ""option_type"": ""CE"", ""strike_price"": 1070, ""oich"": 6000}, {""ask"": 0, ""bid"": 0, ""oi"": 328000, ""option_type"": ""CE"", ""strike_price"": 1050, ""oich"": -8000}, {""ask"": 0, ""bid"": 0, ""oi"": 24000, ""option_type"": ""PE"", ""strike_price"": 1020, ""oich"": -1000}, {""ask"": 0, ""bid"": 0, ""oi"": 0, ""option_type"": ""CE"", ""strike_price"": 840, ""oich"": 0}, {""ask"": 0, ""bid"": 0, ""oi"": 41000, ""option_type"": ""PE"", ""strike_price"": 990, ""oich"": -11000}, {""ask"": 0, ""bid"": 0, ""oi"": 165000, ""option_type"": ""CE"", ""strike_price"": 990, ""oich"": 36000}, {""ask"": 0, ""bid"": 0, ""oi"": 4000, ""option_type"": ""CE"", ""strike_price"": 880, ""oich"": 0}, {""ask"": 0, ""bid"": 0, ""oi"": 120000, ""option_type"": ""PE"", ""strike_price"": 970, ""oich"": -2000}, {""ask"": 0, ""bid"": 0, ""oi"": 130000, ""option_type"": ""CE"", ""strike_price"": 940, ""oich"": -7000}, {""ask"": 0, ""bid"": 0, ""oi"": 10000, ""option_type"": ""CE"", ""strike_price"": 910, ""oich"": 0}, {""ask"": 0, ""bid"": 0, ""oi"": 1000, ""option_type"": ""CE"", ""strike_price"": 1090, ""oich"": 0}, {""ask"": 0, ""bid"": 0, ""oi"": 203000, ""option_type"": ""PE"", ""strike_price"": 980, ""oich"": -47000}, {""ask"": 0, ""bid"": 0, ""oi"": 2000, ""option_type"": ""PE"", ""strike_price"": 810, ""oich"": 0}, {""ask"": 0, ""bid"": 0, ""oi"": 83000, ""option_type"": ""PE"", ""strike_price"": 870, ""oich"": 0}, {""ask"": 0, ""bid"": 0, ""oi"": 0, ""option_type"": ""CE"", ""strike_price"": 890, ""oich"": 0}, {""ask"": 0, ""bid"": 0, ""oi"": 162000, ""option_type"": ""CE"", ""strike_price"": 960, ""oich"": 5000}, {""ask"": 0, ""bid"": 0, ""oi"": 7000, ""option_type"": ""PE"", ""strike_price"": 830, ""oich"": -1000}, {""ask"": 0, ""bid"": 0, ""oi"": 25000, ""option_type"": ""PE"", ""strike_price"": 800, ""oich"": -10000}, {""ask"": 0, ""bid"": 0, ""oi"": 174000, ""option_type"": ""CE"", ""strike_price"": 1040, ""oich"": 9000}, {""ask"": 0, ""bid"": 0, ""oi"": 0, ""option_type"": ""PE"", ""strike_price"": 1080, ""oich"": 0}, {""ask"": 0, ""bid"": 0, ""oi"": 0, ""option_type"": ""PE"", ""strike_price"": 1100, ""oich"": 0}, {""ask"": 0, ""bid"": 0, ""oi"": 45000, ""option_type"": ""CE"", ""strike_price"": 1140, ""oich"": 0}, {""ask"": 0, ""bid"": 0, ""oi"": 5000, ""option_type"": ""PE"", ""strike_price"": 1040, ""oich"": 0}, {""ask"": 0, ""bid"": 0, ""oi"": 48000, ""option_type"": ""PE"", ""strike_price"": 820, ""oich"": -8000}, {""ask"": 0, ""bid"": 0, ""oi"": 3000, ""option_type"": ""CE"", ""strike_price"": 870, ""oich"": 0}, {""ask"": 0, ""bid"": 0, ""oi"": 81000, ""option_type"": ""PE"", ""strike_price"": 930, ""oich"": -1000}, {""ask"": 0, ""bid"": 0, ""oi"": 364000, ""option_type"": ""CE"", ""strike_price"": 980, ""oich"": 53000}, {""ask"": 0, ""bid"": 0, ""oi"": 75000, ""option_type"": ""CE"", ""strike_price"": 900, ""oich"": 3000}, {""ask"": 0, ""bid"": 0, ""oi"": 118000, ""option_type"": ""CE"", ""strike_price"": 1010, ""oich"": 4000}, {""ask"": 0, ""bid"": 0, ""oi"": 1000, ""option_type"": ""PE"", ""strike_price"": 1030, ""oich"": 0}, {""ask"": 0, ""bid"": 0, ""oi"": 428000, ""option_type"": ""PE"", ""strike_price"": 900, ""oich"": -23000}, {""ask"": 0, ""bid"": 0, ""oi"": 2000, ""option_type"": ""PE"", ""strike_price"": 760, ""oich"": -18000}, {""ask"": 0, ""bid"": 0, ""oi"": 0, ""option_type"": ""CE"", ""strike_price"": 860, ""oich"": 0}, {""ask"": 0, ""bid"": 0, ""oi"": 775000, ""option_type"": ""CE"", ""strike_price"": 1000, ""oich"": 60000}, {""ask"": 0, ""bid"": 0, ""oi"": 0, ""option_type"": ""PE"", ""strike_price"": 1060, ""oich"": 0}, {""ask"": 0, ""bid"": 0, ""oi"": 248000, ""option_type"": ""CE"", ""strike_price"": 1080, ""oich"": 1000}, {""ask"": 0, ""bid"": 0, ""oi"": 0, ""option_type"": ""PE"", ""strike_price"": 1120, ""oich"": 0}, {""ask"": 0, ""bid"": 0, ""oi"": 61000, ""option_type"": ""PE"", ""strike_price"": 880, ""oich"": -11000}, {""ask"": 0, ""bid"": 0, ""oi"": 4000, ""option_type"": ""CE"", ""strike_price"": 820, ""oich"": 1000}]",2870000,2026-01-16
4469000,,,"[{""ask"": 0, ""bid"": 0, ""oi"": 0, ""option_type"": ""PE"", ""strike_price"": 1080, ""oich"": 0}, {""ask"": 0, ""bid"": 0, ""oi"": 171000, ""option_type"": ""CE"", ""strike_price"": 1040, ""oich"": -3000}, {""ask"": 0, ""bid"": 0, ""oi"": 7000, ""option_type"": ""PE"", ""strike_price"": 830, ""oich"": 0}, {""ask"": 0, ""bid"": 0, ""oi"": 25000, ""option_type"": ""PE"", ""strike_price"": 800, ""oich"": 0}, {""ask"": 0, ""bid"": 0, ""oi"": 0, ""option_type"": ""PE"", ""strike_price"": 1140, ""oich"": 0}, {""ask"": 0, ""bid"": 0, ""oi"": 221000, ""option_type"": ""CE"", ""strike_price"": 1100, ""oich"": 4000}, {""ask"": 0, ""bid"": 0, ""oi"": 0, ""option_type"": ""PE"", ""strike_price"": 1070, ""oich"": 0}, {""ask"": 0, ""bid"": 0, ""oi"": 412000, ""option_type"": ""CE"", ""strike_price"": 1020, ""oich"": -17000}, {""ask"": 0, ""bid"": 0, ""oi"": 255000, ""option_type"": ""CE"", ""strike_price"": 970, ""oich"": 10000}, {""ask"": 0, ""bid"": 0, ""oi"": 248000, ""option_type"": ""PE"", ""strike_price"": 910, ""oich"": 32000}, {""ask"": 0, ""bid"": 0, ""oi"": 31000, ""option_type"": ""PE"", ""strike_price"": 890, ""oich"": 2000}, {""ask"": 0, ""bid"": 0, ""oi"": 1000, ""option_type"": ""CE"", ""strike_price"": 810, ""oich"": 0}, {""ask"": 0, ""bid"": 0, ""oi"": 5000, ""option_type"": ""PE"", ""strike_price"": 840, ""oich"": 0}, {""ask"": 0, ""bid"": 0, ""oi"": 0, ""option_type"": ""PE"", ""strike_price"": 1090, ""oich"": 0}, {""ask"": 0, ""bid"": 0, ""oi"": 198000, ""option_type"": ""CE"", ""strike_price"": 1030, ""oich"": -3000}, {""ask"": 0, ""bid"": 0, ""oi"": 177000, ""option_type"": ""PE"", ""strike_price"": 960, ""oich"": -13000}, {""ask"": 0, ""bid"": 0, ""oi"": 73000, ""option_type"": ""CE"", ""strike_price"": 930, ""oich"": 0}, {""ask"": 0, ""bid"": 0, ""oi"": 0, ""option_type"": ""CE"", ""strike_price"": 1120, ""oich"": 0}, {""ask"": 0, ""bid"": 0, ""oi"": 462000, ""option_type"": ""CE"", ""strike_price"": 950, ""oich"": -44000}, {""ask"": 0, ""bid"": 0, ""oi"": 118000, ""option_type"": ""PE"", ""strike_price"": 920, ""oich"": 11000}, {""ask"": 0, ""bid"": 0, ""oi"": 181000, ""option_type"": ""PE"", ""strike_price"": 1000, ""oich"": -12000}, {""ask"": 0, ""bid"": 0, ""oi"": 7000, ""option_type"": ""CE"", ""strike_price"": 760, ""oich"": 0}, {""ask"": 0, ""bid"": 0, ""oi"": 40000, ""option_type"": ""CE"", ""strike_price"": 1070, ""oich"": -1000}, {""ask"": 0, ""bid"": 0, ""oi"": 2000, ""option_type"": ""PE"", ""strike_price"": 810, ""oich"": 0}, {""ask"": 0, ""bid"": 0, ""oi"": 122000, ""option_type"": ""PE"", ""strike_price"": 870, ""oich"": 39000}, {""ask"": 0, ""bid"": 0, ""oi"": 0, ""option_type"": ""CE"", ""strike_price"": 890, ""oich"": 0}, {""ask"": 0, ""bid"": 0, ""oi"": 179000, ""option_type"": ""CE"", ""strike_price"": 960, ""oich"": 17000}, {""ask"": 0, ""bid"": 0, ""oi"": 175000, ""option_type"": ""PE"", ""strike_price"": 980, ""oich"": -28000}, {""ask"": 0, ""bid"": 0, ""oi"": 2000, ""option_type"": ""PE"", ""strike_price"": 760, ""oich"": 0}, {""ask"": 0, ""bid"": 0, ""oi"": 0, ""option_type"": ""CE"", ""strike_price"": 860, ""oich"": 0}, {""ask"": 0, ""bid"": 0, ""oi"": 397000, ""option_type"": ""PE"", ""strike_price"": 900, ""oich"": -31000}, {""ask"": 0, ""bid"": 0, ""oi"": 716000, ""option_type"": ""CE"", ""strike_price"": 1000, ""oich"": -59000}, {""ask"": 0, ""bid"": 0, ""oi"": 0, ""option_type"": ""PE"", ""strike_price"": 1060, ""oich"": 0}, {""ask"": 0, ""bid"": 0, ""oi"": 253000, ""option_type"": ""CE"", ""strike_price"": 1080, ""oich"": 5000}, {""ask"": 0, ""bid"": 0, ""oi"": 0, ""option_type"": ""PE"", ""strike_price"": 1120, ""oich"": 0}, {""ask"": 0, ""bid"": 0, ""oi"": 366000, ""option_type"": ""CE"", ""strike_price"": 980, ""oich"": 2000}, {""ask"": 0, ""bid"": 0, ""oi"": 5000, ""option_type"": ""PE"", ""strike_price"": 1040, ""oich"": 0}, {""ask"": 0, ""bid"": 0, ""oi"": 49000, ""option_type"": ""PE"", ""strike_price"": 820, ""oich"": 1000}, {""ask"": 0, ""bid"": 0, ""oi"": 3000, ""option_type"": ""CE"", ""strike_price"": 870, ""oich"": 0}, {""ask"": 0, ""bid"": 0, ""oi"": 95000, ""option_type"": ""PE"", ""strike_price"": 930, ""oich"": 14000}, {""ask"": 0, ""bid"": 0, ""oi"": 342000, ""option_type"": ""CE"", ""strike_price"": 1050, ""oich"": 14000}, {""ask"": 0, ""bid"": 0, ""oi"": 24000, ""option_type"": ""PE"", ""strike_price"": 1020, ""oich"": 0}, {""ask"": 0, ""bid"": 0, ""oi"": 41000, ""option_type"": ""PE"", ""strike_price"": 990, ""oich"": 0}, {""ask"": 0, ""bid"": 0, ""oi"": 155000, ""option_type"": ""CE"", ""strike_price"": 990, ""oich"": -10000}, {""ask"": 0, ""bid"": 0, ""oi"": 4000, ""option_type"": ""CE"", ""strike_price"": 880, ""oich"": 0}, {""ask"": 0, ""bid"": 0, ""oi"": 3000, ""option_type"": ""CE"", ""strike_price"": 840, ""oich"": 3000}, {""ask"": 0, ""bid"": 0, ""oi"": 101000, ""option_type"": ""CE"", ""strike_price"": 1060, ""oich"": -5000}, {""ask"": 0, ""bid"": 0, ""oi"": 16000, ""option_type"": ""PE"", ""strike_price"": 1050, ""oich"": 1000}, {""ask"": 0, ""bid"": 0, ""oi"": 172000, ""option_type"": ""PE"", ""strike_price"": 1010, ""oich"": -11000}, {""ask"": 0, ""bid"": 0, ""oi"": 180000, ""option_type"": ""PE"", ""strike_price"": 940, ""oich"": 18000}, {""ask"": 0, ""bid"": 0, ""oi"": 70000, ""option_type"": ""PE"", ""strike_price"": 880, ""oich"": 9000}, {""ask"": 0, ""bid"": 0, ""oi"": 4000, ""option_type"": ""CE"", ""strike_price"": 820, ""oich"": 0}, {""ask"": 0, ""bid"": 0, ""oi"": 574000, ""option_type"": ""PE"", ""strike_price"": 950, ""oich"": -2000}, {""ask"": 0, ""bid"": 0, ""oi"": 33000, ""option_type"": ""PE"", ""strike_price"": 850, ""oich"": 11000}, {""ask"": 0, ""bid"": 0, ""oi"": 40000, ""option_type"": ""PE"", ""strike_price"": 860, ""oich"": -1000}, {""ask"": 0, ""bid"": 0, ""oi"": 88000, ""option_type"": ""PE"", ""strike_price"": 970, ""oich"": -32000}, {""ask"": 0, ""bid"": 0, ""oi"": 1000, ""option_type"": ""CE"", ""strike_price"": 1090, ""oich"": 0}, {""ask"": 0, ""bid"": 0, ""oi"": 10000, ""option_type"": ""CE"", ""strike_price"": 910, ""oich"": 0}, {""ask"": 0, ""bid"": 0, ""oi"": 125000, ""option_type"": ""CE"", ""strike_price"": 940, ""oich"": -5000}, {""ask"": 0, ""bid"": 0, ""oi"": 76000, ""option_type"": ""CE"", ""strike_price"": 920, ""oich"": 3000}, {""ask"": 0, ""bid"": 0, ""oi"": 1000, ""option_type"": ""PE"", ""strike_price"": 1030, ""oich"": 0}, {""ask"": 0, ""bid"": 0, ""oi"": 177000, ""option_type"": ""CE"", ""strike_price"": 1010, ""oich"": 59000}, {""ask"": 0, ""bid"": 0, ""oi"": 74000, ""option_type"": ""CE"", ""strike_price"": 900, ""oich"": -1000}, {""ask"": 0, ""bid"": 0, ""oi"": 40000, ""option_type"": ""CE"", ""strike_price"": 1140, ""oich"": -5000}, {""ask"": 0, ""bid"": 0, ""oi"": 0, ""option_type"": ""PE"", ""strike_price"": 1100, ""oich"": 0}]",2878000,2026-01-19
4355000,,,"[{""ask"": 0, ""bid"": 0, ""oi"": 172000, ""option_type"": ""PE"", ""strike_price"": 1010, ""oich"": 0}, {""ask"": 0, ""bid"": 0, ""oi"": 68000, ""option_type"": ""PE"", ""strike_price"": 880, ""oich"": -2000}, {""ask"": 0, ""bid"": 0, ""oi"": 4000, ""option_type"": ""CE"", ""strike_price"": 820, ""oich"": 0}, {""ask"": 0, ""bid"": 0, ""oi"": 92000, ""option_type"": ""CE"", ""strike_price"": 1060, ""oich"": -9000}, {""ask"": 0, ""bid"": 0, ""oi"": 160000, ""option_type"": ""CE"", ""strike_price"": 990, ""oich"": 5000}, {""ask"": 0, ""bid"": 0, ""oi"": 3000, ""option_type"": ""CE"", ""strike_price"": 840, ""oich"": 0}, {""ask"": 0, ""bid"": 0, ""oi"": 4000, ""option_type"": ""CE"", ""strike_price"": 880, ""oich"": 0}, {""ask"": 0, ""bid"": 0, ""oi"": 41000, ""option_type"": ""PE"", ""strike_price"": 990, ""oich"": 0}, {""ask"": 0, ""bid"": 0, ""oi"": 24000, ""option_type"": ""PE"", ""strike_price"": 1020, ""oich"": 0}, {""ask"": 0, ""bid"": 0, ""oi"": 334000, ""option_type"": ""CE"", ""strike_price"": 1050, ""oich"": -8000}, {""ask"": 0, ""bid"": 0, ""oi"": 173000, ""option_type"": ""PE"", ""strike_price"": 940, ""oich"": -7000}, {""ask"": 0, ""bid"": 0, ""oi"": 7000, ""option_type"": ""CE"", ""strike_price"": 760, ""oich"": 0}, {""ask"": 0, ""bid"": 0, ""oi"": 109000, ""option_type"": ""PE"", ""strike_price"": 920, ""oich"": -9000}, {""ask"": 0, ""bid"": 0, ""oi"": 475000, ""option_type"": ""CE"", ""strike_price"": 950, ""oich"": 13000}, {""ask"": 0, ""bid"": 0, ""oi"": 170000, ""option_type"": ""PE"", ""strike_price"": 1000, ""oich"": -11000}, {""ask"": 0, ""bid"": 0, ""oi"": 36000, ""option_type"": ""CE"", ""strike_price"": 1070, ""oich"": -4000}, {""ask"": 0, ""bid"": 0, ""oi"": 0, ""option_type"": ""CE"", ""strike_price"": 1120, ""oich"": 0}, {""ask"": 0, ""bid"": 0, ""oi"": 25000, ""option_type"": ""PE"", ""strike_price"": 800, ""oich"": 0}, {""ask"": 0, ""bid"": 0, ""oi"": 7000, ""option_type"": ""PE"", ""strike_price"": 830, ""oich"": 0}, {""ask"": 0, ""bid"": 0, ""oi"": 167000, ""option_type"": ""CE"", ""strike_price"": 1040, ""oich"": -4000}, {""ask"": 0, ""bid"": 0, ""oi"": 3000, ""option_type"": ""PE"", ""strike_price"": 1080, ""oich"": 3000}, {""ask"": 0, ""bid"": 0, ""oi"": 0, ""option_type"": ""PE"", ""strike_price"": 1100, ""oich"": 0}, {""ask"": 0, ""bid"": 0, ""oi"": 31000, ""option_type"": ""CE"", ""strike_price"": 1140, ""oich"": -9000}, {""ask"": 0, ""bid"": 0, ""oi"": 3000, ""option_type"": ""PE"", ""strike_price"": 1090, ""oich"": 3000}, {""ask"": 0, ""bid"": 0, ""oi"": 182000, ""option_type"": ""CE"", ""strike_price"": 1030, ""oich"": -16000}, {""ask"": 0, ""bid"": 0, ""oi"": 159000, ""option_type"": ""PE"", ""strike_price"": 960, ""oich"": -18000}, {""ask"": 0, ""bid"": 0, ""oi"": 73000, ""option_type"": ""CE"", ""strike_price"": 930, ""oich"": 0}, {""ask"": 0, ""bid"": 0, ""oi"": 76000, ""option_type"": ""CE"", ""strike_price"": 920, ""oich"": 0}, {""ask"": 0, ""bid"": 0, ""oi"": 4000, ""option_type"": ""PE"", ""strike_price"": 840, ""oich"": -1000}, {""ask"": 0, ""bid"": 0, ""oi"": 154000, ""option_type"": ""PE"", ""strike_price"": 980, ""oich"": -21000}, {""ask"": 0, ""bid"": 0, ""oi"": 222000, ""option_type"": ""CE"", ""strike_price"": 960, ""oich"": 43000}, {""ask"": 0, ""bid"": 0, ""oi"": 0, ""option_type"": ""CE"", ""strike_price"": 890, ""oich"": 0}, {""ask"": 0, ""bid"": 0, ""oi"": 121000, ""option_type"": ""PE"", ""strike_price"": 870, ""oich"": -1000}, {""ask"": 0, ""bid"": 0, ""oi"": 2000, ""option_type"": ""PE"", ""strike_price"": 810, ""oich"": 0}, {""ask"": 0, ""bid"": 0, ""oi"": 1000, ""option_type"": ""PE"", ""strike_price"": 1030, ""oich"": 0}, {""ask"": 0, ""bid"": 0, ""oi"": 74000, ""option_type"": ""CE"", ""strike_price"": 900, ""oich"": 0}, {""ask"": 0, ""bid"": 0, ""oi"": 177000, ""option_type"": ""CE"", ""strike_price"": 1010, ""oich"": 0}, {""ask"": 0, ""bid"": 0, ""oi"": 1000, ""option_type"": ""CE"", ""strike_price"": 810, ""oich"": 0}, {""ask"": 0, ""bid"": 0, ""oi"": 42000, ""option_type"": ""PE"", ""strike_price"": 890, ""oich"": 11000}, {""ask"": 0, ""bid"": 0, ""oi"": 248000, ""option_type"": ""PE"", ""strike_price"": 910, ""oich"": 0}, {""ask"": 0, ""bid"": 0, ""oi"": 229000, ""option_type"": ""CE"", ""strike_price"": 970, ""oich"": -26000}, {""ask"": 0, ""bid"": 0, ""oi"": 384000, ""option_type"": ""CE"", ""strike_price"": 1020, ""oich"": -28000}, {""ask"": 0, ""bid"": 0, ""oi"": 0, ""option_type"": ""PE"", ""strike_price"": 1070, ""oich"": 0}, {""ask"": 0, ""bid"": 0, ""oi"": 211000, ""option_type"": ""CE"", ""strike_price"": 1100, ""oich"": -10000}, {""ask"": 0, ""bid"": 0, ""oi"": 3000, ""option_type"": ""PE"", ""strike_price"": 1140, ""oich"": 3000}, {""ask"": 0, ""bid"": 0, ""oi"": 85000, ""option_type"": ""PE"", ""strike_price"": 970, ""oich"": -3000}, {""ask"": 0, ""bid"": 0, ""oi"": 1000, ""option_type"": ""CE"", ""strike_price"": 1090, ""oich"": 0}, {""ask"": 0, ""bid"": 0, ""oi"": 10000, ""option_type"": ""CE"", ""strike_price"": 910, ""oich"": 0}, {""ask"": 0, ""bid"": 0, ""oi"": 123000, ""option_type"": ""CE"", ""strike_price"": 940, ""oich"": -2000}, {""ask"": 0, ""bid"": 0, ""oi"": 65000, ""option_type"": ""PE"", ""strike_price"": 820, ""oich"": 16000}, {""ask"": 0, ""bid"": 0, ""oi"": 3000, ""option_type"": ""CE"", ""strike_price"": 870, ""oich"": 0}, {""ask"": 0, ""bid"": 0, ""oi"": 5000, ""option_type"": ""PE"", ""strike_price"": 1040, ""oich"": 0}, {""ask"": 0, ""bid"": 0, ""oi"": 108000, ""option_type"": ""PE"", ""strike_price"": 930, ""oich"": 13000}, {""ask"": 0, ""bid"": 0, ""oi"": 339000, ""option_type"": ""CE"", ""strike_price"": 980, ""oich"": -27000}, {""ask"": 0, ""bid"": 0, ""oi"": 2000, ""option_type"": ""PE"", ""strike_price"": 760, ""oich"": 0}, {""ask"": 0, ""bid"": 0, ""oi"": 0, ""option_type"": ""CE"", ""strike_price"": 860, ""oich"": 0}, {""ask"": 0, ""bid"": 0, ""oi"": 369000, ""option_type"": ""PE"", ""strike_price"": 900, ""oich"": -28000}, {""ask"": 0, ""bid"": 0, ""oi"": 706000, ""option_type"": ""CE"", ""strike_price"": 1000, ""oich"": -10000}, {""ask"": 0, ""bid"": 0, ""oi"": 3000, ""option_type"": ""PE"", ""strike_price"": 1060, ""oich"": 3000}, {""ask"": 0, ""bid"": 0, ""oi"": 231000, ""option_type"": ""CE"", ""strike_price"": 1080, ""oich"": -22000}, {""ask"": 0, ""bid"": 0, ""oi"": 3000, ""option_type"": ""PE"", ""strike_price"": 1120, ""oich"": 3000}, {""ask"": 0, ""bid"": 0, ""oi"": 30000, ""option_type"": ""PE"", ""strike_price"": 850, ""oich"": -3000}, {""ask"": 0, ""bid"": 0, ""oi"": 559000, ""option_type"": ""PE"", ""strike_price"": 950, ""oich"": -15000}, {""ask"": 0, ""bid"": 0, ""oi"": 40000, ""option_type"": ""PE"", ""strike_price"": 860, ""oich"": 0}, {""ask"": 0, ""bid"": 0, ""oi"": 15000, ""option_type"": ""PE"", ""strike_price"": 1050, ""oich"": -1000}]",2813000,2026-01-20
4605000,,,"[{""ask"": 0, ""bid"": 0, ""oi"": 433000, ""option_type"": ""PE"", ""strike_price"": 900, ""oich"": 64000}, {""ask"": 0, ""bid"": 0, ""oi"": 638000, ""option_type"": ""CE"", ""strike_price"": 1000, ""oich"": -68000}, {""ask"": 0, ""bid"": 0, ""oi"": 172000, ""option_type"": ""PE"", ""strike_price"": 1010, ""oich"": 0}, {""ask"": 0, ""bid"": 0, ""oi"": 15000, ""option_type"": ""PE"", ""strike_price"": 1050, ""oich"": 0}, {""ask"": 0, ""bid"": 0, ""oi"": 89000, ""option_type"": ""CE"", ""strike_price"": 1060, ""oich"": -3000}, {""ask"": 0, ""bid"": 0, ""oi"": 4000, ""option_type"": ""CE"", ""strike_price"": 820, ""oich"": 0}, {""ask"": 0, ""bid"": 0, ""oi"": 188000, ""option_type"": ""PE"", ""strike_price"": 880, ""oich"": 120000}, {""ask"": 0, ""bid"": 0, ""oi"": 213000, ""option_type"": ""PE"", ""strike_price"": 940, ""oich"": 40000}, {""ask"": 0, ""bid"": 0, ""oi"": 0, ""option_type"": ""CE"", ""strike_price"": 800, ""oich"": 0}, {""ask"": 0, ""bid"": 0, ""oi"": 144000, ""option_type"": ""PE"", ""strike_price"": 870, ""oich"": 23000}, {""ask"": 0, ""bid"": 0, ""oi"": 2000, ""option_type"": ""PE"", ""strike_price"": 810, ""oich"": 0}, {""ask"": 0, ""bid"": 0, ""oi"": 372000, ""option_type"": ""CE"", ""strike_price"": 960, ""oich"": 150000}, {""ask"": 0, ""bid"": 0, ""oi"": 0, ""option_type"": ""CE"", ""strike_price"": 890, ""oich"": 0}, {""ask"": 0, ""bid"": 0, ""oi"": 78000, ""option_type"": ""PE"", ""strike_price"": 980, ""oich"": -76000}, {""ask"": 0, ""bid"": 0, ""oi"": 74000, ""option_type"": ""CE"", ""strike_price"": 900, ""oich"": 0}, {""ask"": 0, ""bid"": 0, ""oi"": 218000, ""option_type"": ""CE"", ""strike_price"": 1080, ""oich"": -13000}, {""ask"": 0, ""bid"": 0, ""oi"": 151000, ""option_type"": ""CE"", ""strike_price"": 1010, ""oich"": -26000}, {""ask"": 0, ""bid"": 0, ""oi"": 1000, ""option_type"": ""PE"", ""strike_price"": 1030, ""oich"": 0}, {""ask"": 0, ""bid"": 0, ""oi"": 24000, ""option_type"": ""PE"", ""strike_price"": 1020, ""oich"": 0}, {""ask"": 0, ""bid"": 0, ""oi"": 3000, ""option_type"": ""CE"", ""strike_price"": 840, ""oich"": 0}, {""ask"": 0, ""bid"": 0, ""oi"": 4000, ""option_type"": ""CE"", ""strike_price"": 880, ""oich"": 0}, {""ask"": 0, ""bid"": 0, ""oi"": 158000, ""option_type"": ""CE"", ""strike_price"": 990, ""oich"": -2000}, {""ask"": 0, ""bid"": 0, ""oi"": 43000, ""option_type"": ""PE"", ""strike_price"": 990, ""oich"": 2000}, {""ask"": 0, ""bid"": 0, ""oi"": 272000, ""option_type"": ""CE"", ""strike_price"": 1050, ""oich"": -62000}, {""ask"": 0, ""bid"": 0, ""oi"": 99000, ""option_type"": ""PE"", ""strike_price"": 850, ""oich"": 69000}, {""ask"": 0, ""bid"": 0, ""oi"": 71000, ""option_type"": ""PE"", ""strike_price"": 860, ""oich"": 31000}, {""ask"": 0, ""bid"": 0, ""oi"": 200000, ""option_type"": ""PE"", ""strike_price"": 950, ""oich"": -359000}, {""ask"": 0, ""bid"": 0, ""oi"": 49000, ""option_type"": ""PE"", ""strike_price"": 970, ""oich"": -36000}, {""ask"": 0, ""bid"": 0, ""oi"": 1000, ""option_type"": ""CE"", ""strike_price"": 1090, ""oich"": 0}, {""ask"": 0, ""bid"": 0, ""oi"": 10000, ""option_type"": ""CE"", ""strike_price"": 910, ""oich"": 0}, {""ask"": 0, ""bid"": 0, ""oi"": 252000, ""option_type"": ""CE"", ""strike_price"": 940, ""oich"": 129000}, {""ask"": 0, ""bid"": 0, ""oi"": 3000, ""option_type"": ""PE"", ""strike_price"": 1090, ""oich"": 0}, {""ask"": 0, ""bid"": 0, ""oi"": 159000, ""option_type"": ""CE"", ""strike_price"": 1030, ""oich"": -23000}, {""ask"": 0, ""bid"": 0, ""oi"": 110000, ""option_type"": ""PE"", ""strike_price"": 960, ""oich"": -49000}, {""ask"": 0, ""bid"": 0, ""oi"": 140000, ""option_type"": ""CE"", ""strike_price"": 930, ""oich"": 67000}, {""ask"": 0, ""bid"": 0, ""oi"": 116000, ""option_type"": ""CE"", ""strike_price"": 920, ""oich"": 40000}, {""ask"": 0, ""bid"": 0, ""oi"": 12000, ""option_type"": ""PE"", ""strike_price"": 840, ""oich"": 8000}, {""ask"": 0, ""bid"": 0, ""oi"": 5000, ""option_type"": ""PE"", ""strike_price"": 1040, ""oich"": 0}, {""ask"": 0, ""bid"": 0, ""oi"": 292000, ""option_type"": ""CE"", ""strike_price"": 980, ""oich"": -47000}, {""ask"": 0, ""bid"": 0, ""oi"": 500000, ""option_type"": ""PE"", ""strike_price"": 930, ""oich"": 392000}, {""ask"": 0, ""bid"": 0, ""oi"": 3000, ""option_type"": ""CE"", ""strike_price"": 870, ""oich"": 0}, {""ask"": 0, ""bid"": 0, ""oi"": 82000, ""option_type"": ""PE"", ""strike_price"": 820, ""oich"": 17000}, {""ask"": 0, ""bid"": 0, ""oi"": 26000, ""option_type"": ""PE"", ""strike_price"": 800, ""oich"": 1000}, {""ask"": 0, ""bid"": 0, ""oi"": 18000, ""option_type"": ""PE"", ""strike_price"": 830, ""oich"": 11000}, {""ask"": 0, ""bid"": 0, ""oi"": 162000, ""option_type"": ""CE"", ""strike_price"": 1040, ""oich"": -5000}, {""ask"": 0, ""bid"": 0, ""oi"": 3000, ""option_type"": ""PE"", ""strike_price"": 1080, ""oich"": 0}, {""ask"": 0, ""bid"": 0, ""oi"": 0, ""option_type"": ""PE"", ""strike_price"": 1100, ""oich"": 0}, {""ask"": 0, ""bid"": 0, ""oi"": 19000, ""option_type"": ""CE"", ""strike_price"": 1140, ""oich"": -12000}, {""ask"": 0, ""bid"": 0, ""oi"": 173000, ""option_type"": ""PE"", ""strike_price"": 920, ""oich"": 64000}, {""ask"": 0, ""bid"": 0, ""oi"": 7000, ""option_type"": ""CE"", ""strike_price"": 760, ""oich"": 0}, {""ask"": 0, ""bid"": 0, ""oi"": 0, ""option_type"": ""CE"", ""strike_price"": 1120, ""oich"": 0}, {""ask"": 0, ""bid"": 0, ""oi"": 36000, ""option_type"": ""CE"", ""strike_price"": 1070, ""oich"": 0}, {""ask"": 0, ""bid"": 0, ""oi"": 166000, ""option_type"": ""PE"", ""strike_price"": 1000, ""oich"": -4000}, {""ask"": 0, ""bid"": 0, ""oi"": 602000, ""option_type"": ""CE"", ""strike_price"": 950, ""oich"": 127000}, {""ask"": 0, ""bid"": 0, ""oi"": 125000, ""option_type"": ""PE"", ""strike_price"": 910, ""oich"": -123000}, {""ask"": 0, ""bid"": 0, ""oi"": 243000, ""option_type"": ""CE"", ""strike_price"": 970, ""oich"": 14000}, {""ask"": 0, ""bid"": 0, ""oi"": 388000, ""option_type"": ""CE"", ""strike_price"": 1020, ""oich"": 4000}, {""ask"": 0, ""bid"": 0, ""oi"": 0, ""option_type"": ""PE"", ""strike_price"": 1070, ""oich"": 0}, {""ask"": 0, ""bid"": 0, ""oi"": 191000, ""option_type"": ""CE"", ""strike_price"": 1100, ""oich"": -20000}, {""ask"": 0, ""bid"": 0, ""oi"": 4000, ""option_type"": ""PE"", ""strike_price"": 1140, ""oich"": 1000}, {""ask"": 0, ""bid"": 0, ""oi"": 1000, ""option_type"": ""CE"", ""strike_price"": 810, ""oich"": 0}, {""ask"": 0, ""bid"": 0, ""oi"": 421000, ""option_type"": ""PE"", ""strike_price"": 890, ""oich"": 379000}, {""ask"": 0, ""bid"": 0, ""oi"": 2000, ""option_type"": ""PE"", ""strike_price"": 760, ""oich"": 0}, {""ask"": 0, ""bid"": 0, ""oi"": 9000, ""option_type"": ""PE"", ""strike_price"": 1120, ""oich"": 6000}, {""ask"": 0, ""bid"": 0, ""oi"": 10000, ""option_type"": ""PE"", ""strike_price"": 1060, ""oich"": 7000}, {""ask"": 0, ""bid"": 0, ""oi"": 0, ""option_type"": ""CE"", ""strike_price"": 860, ""oich"": 0}]",3401000,2026-01-21
6588000,,,"[{""ask"": 0, ""bid"": 0, ""oi"": 195000, ""option_type"": ""CE"", ""strike_price"": 910, ""oich"": 185000}, {""ask"": 0, ""bid"": 0, ""oi"": 48000, ""option_type"": ""PE"", ""strike_price"": 970, ""oich"": -1000}, {""ask"": 0, ""bid"": 0, ""oi"": 0, ""option_type"": ""CE"", ""strike_price"": 1090, ""oich"": -1000}, {""ask"": 0, ""bid"": 0, ""oi"": 0, ""option_type"": ""CE"", ""strike_price"": 750, ""oich"": 0}, {""ask"": 0, ""bid"": 0, ""oi"": 0, ""option_type"": ""CE"", ""strike_price"": 790, ""oich"": 0}, {""ask"": 0, ""bid"": 0, ""oi"": 126000, ""option_type"": ""CE"", ""strike_price"": 1030, ""oich"": -33000}, {""ask"": 0, ""bid"": 0, ""oi"": 99000, ""option_type"": ""PE"", ""strike_price"": 960, ""oich"": -11000}, {""ask"": 0, ""bid"": 0, ""oi"": 135000, ""option_type"": ""CE"", ""strike_price"": 930, ""oich"": -5000}, {""ask"": 0, ""bid"": 0, ""oi"": 146000, ""option_type"": ""CE"", ""strike_price"": 920, ""oich"": 30000}, {""ask"": 0, ""bid"": 0, ""oi"": 249000, ""option_type"": ""PE"", ""strike_price"": 840, ""oich"": 237000}, {""ask"": 0, ""bid"": 0, ""oi"": 3000, ""option_type"": ""PE"", ""strike_price"": 1090, ""oich"": 0}, {""ask"": 0, ""bid"": 0, ""oi"": 167000, ""option_type"": ""CE"", ""strike_price"": 850, ""oich"": 167000}, {""ask"": 0, ""bid"": 0, ""oi"": 642000, ""option_type"": ""CE"", ""strike_price"": 900, ""oich"": 568000}, {""ask"": 0, ""bid"": 0, ""oi"": 123000, ""option_type"": ""CE"", ""strike_price"": 1010, ""oich"": -28000}, {""ask"": 0, ""bid"": 0, ""oi"": 2000, ""option_type"": ""PE"", ""strike_price"": 1030, ""oich"": 1000}, {""ask"": 0, ""bid"": 0, ""oi"": 215000, ""option_type"": ""CE"", ""strike_price"": 890, ""oich"": 215000}, {""ask"": 0, ""bid"": 0, ""oi"": 130000, ""option_type"": ""PE"", ""strike_price"": 870, ""oich"": -14000}, {""ask"": 0, ""bid"": 0, ""oi"": 209000, ""option_type"": ""PE"", ""strike_price"": 810, ""oich"": 207000}, {""ask"": 0, ""bid"": 0, ""oi"": 35000, ""option_type"": ""PE"", ""strike_price"": 750, ""oich"": 35000}, {""ask"": 0, ""bid"": 0, ""oi"": 73000, ""option_type"": ""PE"", ""strike_price"": 980, ""oich"": -5000}, {""ask"": 0, ""bid"": 0, ""oi"": 268000, ""option_type"": ""CE"", ""strike_price"": 960, ""oich"": -104000}, {""ask"": 0, ""bid"": 0, ""oi"": 228000, ""option_type"": ""PE"", ""strike_price"": 850, ""oich"": 129000}, {""ask"": 0, ""bid"": 0, ""oi"": 1038000, ""option_type"": ""PE"", ""strike_price"": 860, ""oich"": 967000}, {""ask"": 0, ""bid"": 0, ""oi"": 192000, ""option_type"": ""PE"", ""strike_price"": 950, ""oich"": -8000}, {""ask"": 0, ""bid"": 0, ""oi"": 172000, ""option_type"": ""PE"", ""strike_price"": 1010, ""oich"": 0}, {""ask"": 0, ""bid"": 0, ""oi"": 12000, ""option_type"": ""PE"", ""strike_price"": 1050, ""oich"": -3000}, {""ask"": 0, ""bid"": 0, ""oi"": 9000, ""option_type"": ""CE"", ""strike_price"": 800, ""oich"": 9000}, {""ask"": 0, ""bid"": 0, ""oi"": 28000, ""option_type"": ""CE"", ""strike_price"": 820, ""oich"": 24000}, {""ask"": 0, ""bid"": 0, ""oi"": 125000, ""option_type"": ""PE"", ""strike_price"": 880, ""oich"": -63000}, {""ask"": 0, ""bid"": 0, ""oi"": 157000, ""option_type"": ""PE"", ""strike_price"": 940, ""oich"": -56000}, {""ask"": 0, ""bid"": 0, ""oi"": 85000, ""option_type"": ""CE"", ""strike_price"": 1060, ""oich"": -4000}, {""ask"": 0, ""bid"": 0, ""oi"": 581000, ""option_type"": ""CE"", ""strike_price"": 940, ""oich"": 329000}, {""ask"": 0, ""bid"": 0, ""oi"": 11000, ""option_type"": ""CE"", ""strike_price"": 830, ""oich"": 11000}, {""ask"": 0, ""bid"": 0, ""oi"": 188000, ""option_type"": ""PE"", ""strike_price"": 820, ""oich"": 106000}, {""ask"": 0, ""bid"": 0, ""oi"": 125000, ""option_type"": ""PE"", ""strike_price"": 930, ""oich"": -375000}, {""ask"": 0, ""bid"": 0, ""oi"": 251000, ""option_type"": ""CE"", ""strike_price"": 980, ""oich"": -41000}, {""ask"": 0, ""bid"": 0, ""oi"": 5000, ""option_type"": ""PE"", ""strike_price"": 1040, ""oich"": 0}, {""ask"": 0, ""bid"": 0, ""oi"": 230000, ""option_type"": ""CE"", ""strike_price"": 870, ""oich"": 227000}, {""ask"": 0, ""bid"": 0, ""oi"": 336000, ""option_type"": ""PE"", ""strike_price"": 900, ""oich"": -97000}, {""ask"": 0, ""bid"": 0, ""oi"": 569000, ""option_type"": ""CE"", ""strike_price"": 1000, ""oich"": -69000}, {""ask"": 0, ""bid"": 0, ""oi"": 211000, ""option_type"": ""CE"", ""strike_price"": 1080, ""oich"": -7000}, {""ask"": 0, ""bid"": 0, ""oi"": 10000, ""option_type"": ""PE"", ""strike_price"": 1060, ""oich"": 0}, {""ask"": 0, ""bid"": 0, ""oi"": 0, ""option_type"": ""CE"", ""strike_price"": 780, ""oich"": 0}, {""ask"": 0, ""bid"": 0, ""oi"": 0, ""option_type"": ""PE"", ""strike_price"": 790, ""oich"": 0}, {""ask"": 0, ""bid"": 0, ""oi"": 419000, ""option_type"": ""CE"", ""strike_price"": 860, ""oich"": 419000}, {""ask"": 0, ""bid"": 0, ""oi"": 85000, ""option_type"": ""PE"", ""strike_price"": 760, ""oich"": 83000}, {""ask"": 0, ""bid"": 0, ""oi"": 9000, ""option_type"": ""PE"", ""strike_price"": 1120, ""oich"": 0}, {""ask"": 0, ""bid"": 0, ""oi"": 175000, ""option_type"": ""CE"", ""strike_price"": 990, ""oich"": 17000}, {""ask"": 0, ""bid"": 0, ""oi"": 313000, ""option_type"": ""CE"", ""strike_price"": 880, ""oich"": 309000}, {""ask"": 0, ""bid"": 0, ""oi"": 53000, ""option_type"": ""CE"", ""strike_price"": 840, ""oich"": 50000}, {""ask"": 0, ""bid"": 0, ""oi"": 36000, ""option_type"": ""PE"", ""strike_price"": 780, ""oich"": 36000}, {""ask"": 0, ""bid"": 0, ""oi"": 250000, ""option_type"": ""CE"", ""strike_price"": 1050, ""oich"": -22000}, {""ask"": 0, ""bid"": 0, ""oi"": 25000, ""option_type"": ""PE"", ""strike_price"": 1020, ""oich"": 1000}, {""ask"": 0, ""bid"": 0, ""oi"": 42000, ""option_type"": ""PE"", ""strike_price"": 990, ""oich"": -1000}, {""ask"": 0, ""bid"": 0, ""oi"": 4000, ""option_type"": ""PE"", ""strike_price"": 1140, ""oich"": 0}, {""ask"": 0, ""bid"": 0, ""oi"": 159000, ""option_type"": ""CE"", ""strike_price"": 1100, ""oich"": -32000}, {""ask"": 0, ""bid"": 0, ""oi"": 0, ""option_type"": ""PE"", ""strike_price"": 1070, ""oich"": 0}, {""ask"": 0, ""bid"": 0, ""oi"": 361000, ""option_type"": ""CE"", ""strike_price"": 1020, ""oich"": -27000}, {""ask"": 0, ""bid"": 0, ""oi"": 157000, ""option_type"": ""CE"", ""strike_price"": 970, ""oich"": -86000}, {""ask"": 0, ""bid"": 0, ""oi"": 144000, ""option_type"": ""PE"", ""strike_price"": 910, ""oich"": 19000}, {""ask"": 0, ""bid"": 0, ""oi"": 1000, ""option_type"": ""CE"", ""strike_price"": 810, ""oich"": 0}, {""ask"": 0, ""bid"": 0, ""oi"": 71000, ""option_type"": ""PE"", ""strike_price"": 890, ""oich"": -350000}, {""ask"": 0, ""bid"": 0, ""oi"": 133000, ""option_type"": ""PE"", ""strike_price"": 830, ""oich"": 115000}, {""ask"": 0, ""bid"": 0, ""oi"": 3000, ""option_type"": ""CE"", ""strike_price"": 770, ""oich"": 3000}, {""ask"": 0, ""bid"": 0, ""oi"": 5000, ""option_type"": ""PE"", ""strike_price"": 770, ""oich"": 5000}, {""ask"": 0, ""bid"": 0, ""oi"": 484000, ""option_type"": ""PE"", ""strike_price"": 800, ""oich"": 458000}, {""ask"": 0, ""bid"": 0, ""oi"": 15000, ""option_type"": ""CE"", ""strike_price"": 1140, ""oich"": -4000}, {""ask"": 0, ""bid"": 0, ""oi"": 0, ""option_type"": ""PE"", ""strike_price"": 1100, ""oich"": 0}, {""ask"": 0, ""bid"": 0, ""oi"": 0, ""option_type"": ""PE"", ""strike_price"": 1080, ""oich"": -3000}, {""ask"": 0, ""bid"": 0, ""oi"": 136000, ""option_type"": ""CE"", ""strike_price"": 1040, ""oich"": -26000}, {""ask"": 0, ""bid"": 0, ""oi"": 520000, ""option_type"": ""CE"", ""strike_price"": 950, ""oich"": -82000}, {""ask"": 0, ""bid"": 0, ""oi"": 132000, ""option_type"": ""PE"", ""strike_price"": 1000, ""oich"": -34000}, {""ask"": 0, ""bid"": 0, ""oi"": 27000, ""option_type"": ""CE"", ""strike_price"": 1070, ""oich"": -9000}, {""ask"": 0, ""bid"": 0, ""oi"": 0, ""option_type"": ""CE"", ""strike_price"": 1120, ""oich"": 0}, {""ask"": 0, ""bid"": 0, ""oi"": 7000, ""option_type"": ""CE"", ""strike_price"": 760, ""oich"": 0}, {""ask"": 0, ""bid"": 0, ""oi"": 55000, ""option_type"": ""PE"", ""strike_price"": 920, ""oich"": -118000}]",4661000,2026-01-22
5251000,,,"[{""ask"": 0, ""bid"": 0, ""oi"": 492000, ""option_type"": ""CE"", ""strike_price"": 1000, ""oich"": -77000}, {""ask"": 0, ""bid"": 0, ""oi"": 10000, ""option_type"": ""PE"", ""strike_price"": 1060, ""oich"": 0}, {""ask"": 0, ""bid"": 0, ""oi"": 205000, ""option_type"": ""CE"", ""strike_price"": 1080, ""oich"": -6000}, {""ask"": 0, ""bid"": 0, ""oi"": 9000, ""option_type"": ""PE"", ""strike_price"": 1120, ""oich"": 0}, {""ask"": 0, ""bid"": 0, ""oi"": 0, ""option_type"": ""PE"", ""strike_price"": 690, ""oich"": 0}, {""ask"": 0, ""bid"": 0, ""oi"": 0, ""option_type"": ""CE"", ""strike_price"": 700, ""oich"": 0}, {""ask"": 0, ""bid"": 0, ""oi"": 0, ""option_type"": ""CE"", ""strike_price"": 750, ""oich"": 0}, {""ask"": 0, ""bid"": 0, ""oi"": 1000, ""option_type"": ""CE"", ""strike_price"": 790, ""oich"": 1000}, {""ask"": 0, ""bid"": 0, ""oi"": 48000, ""option_type"": ""CE"", ""strike_price"": 910, ""oich"": -147000}, {""ask"": 0, ""bid"": 0, ""oi"": 174000, ""option_type"": ""CE"", ""strike_price"": 940, ""oich"": -407000}, {""ask"": 0, ""bid"": 0, ""oi"": 47000, ""option_type"": ""PE"", ""strike_price"": 970, ""oich"": -1000}, {""ask"": 0, ""bid"": 0, ""oi"": 0, ""option_type"": ""CE"", ""strike_price"": 1090, ""oich"": 0}, {""ask"": 0, ""bid"": 0, ""oi"": 5000, ""option_type"": ""PE"", ""strike_price"": 1040, ""oich"": 0}, {""ask"": 0, ""bid"": 0, ""oi"": 224000, ""option_type"": ""CE"", ""strike_price"": 980, ""oich"": -27000}, {""ask"": 0, ""bid"": 0, ""oi"": 121000, ""option_type"": ""PE"", ""strike_price"": 930, ""oich"": -4000}, {""ask"": 0, ""bid"": 0, ""oi"": 140000, ""option_type"": ""CE"", ""strike_price"": 870, ""oich"": -90000}, {""ask"": 0, ""bid"": 0, ""oi"": 117000, ""option_type"": ""CE"", ""strike_price"": 830, ""oich"": 106000}, {""ask"": 0, ""bid"": 0, ""oi"": 110000, ""option_type"": ""PE"", ""strike_price"": 820, ""oich"": -78000}, {""ask"": 0, ""bid"": 0, ""oi"": 185000, ""option_type"": ""CE"", ""strike_price"": 1050, ""oich"": -65000}, {""ask"": 0, ""bid"": 0, ""oi"": 24000, ""option_type"": ""PE"", ""strike_price"": 1020, ""oich"": -1000}, {""ask"": 0, ""bid"": 0, ""oi"": 41000, ""option_type"": ""PE"", ""strike_price"": 990, ""oich"": -1000}, {""ask"": 0, ""bid"": 0, ""oi"": 147000, ""option_type"": ""CE"", ""strike_price"": 990, ""oich"": -28000}, {""ask"": 0, ""bid"": 0, ""oi"": 206000, ""option_type"": ""CE"", ""strike_price"": 880, ""oich"": -107000}, {""ask"": 0, ""bid"": 0, ""oi"": 165000, ""option_type"": ""CE"", ""strike_price"": 840, ""oich"": 112000}, {""ask"": 0, ""bid"": 0, ""oi"": 48000, ""option_type"": ""PE"", ""strike_price"": 780, ""oich"": 12000}, {""ask"": 0, ""bid"": 0, ""oi"": 0, ""option_type"": ""PE"", ""strike_price"": 700, ""oich"": 0}, {""ask"": 0, ""bid"": 0, ""oi"": 76000, ""option_type"": ""PE"", ""strike_price"": 960, ""oich"": -23000}, {""ask"": 0, ""bid"": 0, ""oi"": 3000, ""option_type"": ""PE"", ""strike_price"": 1090, ""oich"": 0}, {""ask"": 0, ""bid"": 0, ""oi"": 0, ""option_type"": ""PE"", ""strike_price"": 720, ""oich"": 0}, {""ask"": 0, ""bid"": 0, ""oi"": 68000, ""option_type"": ""CE"", ""strike_price"": 1030, ""oich"": -58000}, {""ask"": 0, ""bid"": 0, ""oi"": 101000, ""option_type"": ""PE"", ""strike_price"": 840, ""oich"": -148000}, {""ask"": 0, ""bid"": 0, ""oi"": 125000, ""option_type"": ""CE"", ""strike_price"": 920, ""oich"": -21000}, {""ask"": 0, ""bid"": 0, ""oi"": 132000, ""option_type"": ""CE"", ""strike_price"": 930, ""oich"": -3000}, {""ask"": 0, ""bid"": 0, ""oi"": 141000, ""option_type"": ""CE"", ""strike_price"": 1100, ""oich"": -18000}, {""ask"": 0, ""bid"": 0, ""oi"": 4000, ""option_type"": ""PE"", ""strike_price"": 1140, ""oich"": 0}, {""ask"": 0, ""bid"": 0, ""oi"": 0, ""option_type"": ""PE"", ""strike_price"": 710, ""oich"": 0}, {""ask"": 0, ""bid"": 0, ""oi"": 0, ""option_type"": ""CE"", ""strike_price"": 720, ""oich"": 0}, {""ask"": 0, ""bid"": 0, ""oi"": 24000, ""option_type"": ""CE"", ""strike_price"": 810, ""oich"": 23000}, {""ask"": 0, ""bid"": 0, ""oi"": 354000, ""option_type"": ""CE"", ""strike_price"": 1020, ""oich"": -7000}, {""ask"": 0, ""bid"": 0, ""oi"": 60000, ""option_type"": ""PE"", ""strike_price"": 890, ""oich"": -11000}, {""ask"": 0, ""bid"": 0, ""oi"": 138000, ""option_type"": ""PE"", ""strike_price"": 910, ""oich"": -6000}, {""ask"": 0, ""bid"": 0, ""oi"": 152000, ""option_type"": ""CE"", ""strike_price"": 970, ""oich"": -5000}, {""ask"": 0, ""bid"": 0, ""oi"": 0, ""option_type"": ""PE"", ""strike_price"": 1070, ""oich"": 0}, {""ask"": 0, ""bid"": 0, ""oi"": 0, ""option_type"": ""PE"", ""strike_price"": 730, ""oich"": 0}, {""ask"": 0, ""bid"": 0, ""oi"": 0, ""option_type"": ""CE"", ""strike_price"": 730, ""oich"": 0}, {""ask"": 0, ""bid"": 0, ""oi"": 0, ""option_type"": ""CE"", ""strike_price"": 690, ""oich"": 0}, {""ask"": 0, ""bid"": 0, ""oi"": 0, ""option_type"": ""CE"", ""strike_price"": 710, ""oich"": 0}, {""ask"": 0, ""bid"": 0, ""oi"": 146000, ""option_type"": ""PE"", ""strike_price"": 950, ""oich"": -46000}, {""ask"": 0, ""bid"": 0, ""oi"": 153000, ""option_type"": ""PE"", ""strike_price"": 860, ""oich"": -885000}, {""ask"": 0, ""bid"": 0, ""oi"": 91000, ""option_type"": ""PE"", ""strike_price"": 850, ""oich"": -137000}, {""ask"": 0, ""bid"": 0, ""oi"": 3000, ""option_type"": ""CE"", ""strike_price"": 770, ""oich"": 0}, {""ask"": 0, ""bid"": 0, ""oi"": 94000, ""option_type"": ""PE"", ""strike_price"": 770, ""oich"": 89000}, {""ask"": 0, ""bid"": 0, ""oi"": 266000, ""option_type"": ""PE"", ""strike_price"": 800, ""oich"": -218000}, {""ask"": 0, ""bid"": 0, ""oi"": 59000, ""option_type"": ""PE"", ""strike_price"": 830, ""oich"": -74000}, {""ask"": 0, ""bid"": 0, ""oi"": 109000, ""option_type"": ""CE"", ""strike_price"": 1040, ""oich"": -27000}, {""ask"": 0, ""bid"": 0, ""oi"": 0, ""option_type"": ""PE"", ""strike_price"": 1080, ""oich"": 0}, {""ask"": 0, ""bid"": 0, ""oi"": 0, ""option_type"": ""PE"", ""strike_price"": 1100, ""oich"": 0}, {""ask"": 0, ""bid"": 0, ""oi"": 14000, ""option_type"": ""CE"", ""strike_price"": 1140, ""oich"": -1000}, {""ask"": 0, ""bid"": 0, ""oi"": 115000, ""option_type"": ""PE"", ""strike_price"": 880, ""oich"": -10000}, {""ask"": 0, ""bid"": 0, ""oi"": 147000, ""option_type"": ""PE"", ""strike_price"": 940, ""oich"": -10000}, {""ask"": 0, ""bid"": 0, ""oi"": 82000, ""option_type"": ""CE"", ""strike_price"": 1060, ""oich"": -3000}, {""ask"": 0, ""bid"": 0, ""oi"": 11000, ""option_type"": ""PE"", ""strike_price"": 1050, ""oich"": -1000}, {""ask"": 0, ""bid"": 0, ""oi"": 151000, ""option_type"": ""PE"", ""strike_price"": 1010, ""oich"": -21000}, {""ask"": 0, ""bid"": 0, ""oi"": 26000, ""option_type"": ""CE"", ""strike_price"": 800, ""oich"": 17000}, {""ask"": 0, ""bid"": 0, ""oi"": 103000, ""option_type"": ""CE"", ""strike_price"": 820, ""oich"": 75000}, {""ask"": 0, ""bid"": 0, ""oi"": 127000, ""option_type"": ""PE"", ""strike_price"": 1000, ""oich"": -5000}, {""ask"": 0, ""bid"": 0, ""oi"": 428000, ""option_type"": ""CE"", ""strike_price"": 950, ""oich"": -92000}, {""ask"": 0, ""bid"": 0, ""oi"": 47000, ""option_type"": ""PE"", ""strike_price"": 920, ""oich"": -8000}, {""ask"": 0, ""bid"": 0, ""oi"": 7000, ""option_type"": ""CE"", ""strike_price"": 760, ""oich"": 0}, {""ask"": 0, ""bid"": 0, ""oi"": 0, ""option_type"": ""CE"", ""strike_price"": 1120, ""oich"": 0}, {""ask"": 0, ""bid"": 0, ""oi"": 0, ""option_type"": ""CE"", ""strike_price"": 740, ""oich"": 0}, {""ask"": 0, ""bid"": 0, ""oi"": 26000, ""option_type"": ""CE"", ""strike_price"": 1070, ""oich"": -1000}, {""ask"": 0, ""bid"": 0, ""oi"": 61000, ""option_type"": ""PE"", ""strike_price"": 980, ""oich"": -12000}, {""ask"": 0, ""bid"": 0, ""oi"": 204000, ""option_type"": ""CE"", ""strike_price"": 960, ""oich"": -64000}, {""ask"": 0, ""bid"": 0, ""oi"": 131000, ""option_type"": ""CE"", ""strike_price"": 890, ""oich"": -84000}, {""ask"": 0, ""bid"": 0, ""oi"": 99000, ""option_type"": ""PE"", ""strike_price"": 870, ""oich"": -31000}, {""ask"": 0, ""bid"": 0, ""oi"": 53000, ""option_type"": ""PE"", ""strike_price"": 810, ""oich"": -156000}, {""ask"": 0, ""bid"": 0, ""oi"": 28000, ""option_type"": ""PE"", ""strike_price"": 750, ""oich"": -7000}, {""ask"": 0, ""bid"": 0, ""oi"": 0, ""option_type"": ""PE"", ""strike_price"": 740, ""oich"": 0}, {""ask"": 0, ""bid"": 0, ""oi"": 211000, ""option_type"": ""CE"", ""strike_price"": 850, ""oich"": 44000}, {""ask"": 0, ""bid"": 0, ""oi"": 389000, ""option_type"": ""CE"", ""strike_price"": 900, ""oich"": -253000}, {""ask"": 0, ""bid"": 0, ""oi"": 120000, ""option_type"": ""CE"", ""strike_price"": 1010, ""oich"": -3000}, {""ask"": 0, ""bid"": 0, ""oi"": 2000, ""option_type"": ""PE"", ""strike_price"": 1030, ""oich"": 0}, {""ask"": 0, ""bid"": 0, ""oi"": 79000, ""option_type"": ""PE"", ""strike_price"": 760, ""oich"": -6000}, {""ask"": 0, ""bid"": 0, ""oi"": 4000, ""option_type"": ""CE"", ""strike_price"": 780, ""oich"": 4000}, {""ask"": 0, ""bid"": 0, ""oi"": 86000, ""option_type"": ""PE"", ""strike_price"": 790, ""oich"": 86000}, {""ask"": 0, ""bid"": 0, ""oi"": 294000, ""option_type"": ""CE"", ""strike_price"": 860, ""oich"": -125000}, {""ask"": 0, ""bid"": 0, ""oi"": 280000, ""option_type"": ""PE"", ""strike_price"": 900, ""oich"": -56000}]",2892000,2026-01-23
4012000,,,"[{""ask"": 0, ""bid"": 0, ""oi"": 131000, ""option_type"": ""PE"", ""strike_price"": 950, ""oich"": -15000}, {""ask"": 0, ""bid"": 0, ""oi"": 125000, ""option_type"": ""PE"", ""strike_price"": 860, ""oich"": -28000}, {""ask"": 0, ""bid"": 0, ""oi"": 73000, ""option_type"": ""PE"", ""strike_price"": 850, ""oich"": -18000}, {""ask"": 0, ""bid"": 0, ""oi"": 0, ""option_type"": ""PE"", ""strike_price"": 730, ""oich"": 0}, {""ask"": 0, ""bid"": 0, ""oi"": 0, ""option_type"": ""CE"", ""strike_price"": 730, ""oich"": 0}, {""ask"": 0, ""bid"": 0, ""oi"": 0, ""option_type"": ""CE"", ""strike_price"": 710, ""oich"": 0}, {""ask"": 0, ""bid"": 0, ""oi"": 0, ""option_type"": ""CE"", ""strike_price"": 690, ""oich"": 0}, {""ask"": 0, ""bid"": 0, ""oi"": 14000, ""option_type"": ""CE"", ""strike_price"": 1140, ""oich"": 0}, {""ask"": 0, ""bid"": 0, ""oi"": 0, ""option_type"": ""PE"", ""strike_price"": 1100, ""oich"": 0}, {""ask"": 0, ""bid"": 0, ""oi"": 0, ""option_type"": ""PE"", ""strike_price"": 1080, ""oich"": 0}, {""ask"": 0, ""bid"": 0, ""oi"": 108000, ""option_type"": ""CE"", ""strike_price"": 1040, ""oich"": -1000}, {""ask"": 0, ""bid"": 0, ""oi"": 48000, ""option_type"": ""PE"", ""strike_price"": 830, ""oich"": -11000}, {""ask"": 0, ""bid"": 0, ""oi"": 291000, ""option_type"": ""PE"", ""strike_price"": 800, ""oich"": 25000}, {""ask"": 0, ""bid"": 0, ""oi"": 14000, ""option_type"": ""PE"", ""strike_price"": 770, ""oich"": -80000}, {""ask"": 0, ""bid"": 0, ""oi"": 2000, ""option_type"": ""CE"", ""strike_price"": 770, ""oich"": -1000}, {""ask"": 0, ""bid"": 0, ""oi"": 91000, ""option_type"": ""PE"", ""strike_price"": 870, ""oich"": -8000}, {""ask"": 0, ""bid"": 0, ""oi"": 51000, ""option_type"": ""PE"", ""strike_price"": 750, ""oich"": 23000}, {""ask"": 0, ""bid"": 0, ""oi"": 39000, ""option_type"": ""PE"", ""strike_price"": 810, ""oich"": -14000}, {""ask"": 0, ""bid"": 0, ""oi"": 66000, ""option_type"": ""CE"", ""strike_price"": 890, ""oich"": -65000}, {""ask"": 0, ""bid"": 0, ""oi"": 195000, ""option_type"": ""CE"", ""strike_price"": 960, ""oich"": -9000}, {""ask"": 0, ""bid"": 0, ""oi"": 43000, ""option_type"": ""PE"", ""strike_price"": 980, ""oich"": -18000}, {""ask"": 0, ""bid"": 0, ""oi"": 24000, ""option_type"": ""PE"", ""strike_price"": 1020, ""oich"": 0}, {""ask"": 0, ""bid"": 0, ""oi"": 150000, ""option_type"": ""CE"", ""strike_price"": 1050, ""oich"": -35000}, {""ask"": 0, ""bid"": 0, ""oi"": 0, ""option_type"": ""PE"", ""strike_price"": 700, ""oich"": 0}, {""ask"": 0, ""bid"": 0, ""oi"": 28000, ""option_type"": ""PE"", ""strike_price"": 780, ""oich"": -20000}, {""ask"": 0, ""bid"": 0, ""oi"": 59000, ""option_type"": ""CE"", ""strike_price"": 840, ""oich"": -106000}, {""ask"": 0, ""bid"": 0, ""oi"": 150000, ""option_type"": ""CE"", ""strike_price"": 880, ""oich"": -56000}, {""ask"": 0, ""bid"": 0, ""oi"": 139000, ""option_type"": ""CE"", ""strike_price"": 990, ""oich"": -8000}, {""ask"": 0, ""bid"": 0, ""oi"": 39000, ""option_type"": ""PE"", ""strike_price"": 990, ""oich"": -2000}, {""ask"": 0, ""bid"": 0, ""oi"": 9000, ""option_type"": ""CE"", ""strike_price"": 800, ""oich"": -17000}, {""ask"": 0, ""bid"": 0, ""oi"": 36000, ""option_type"": ""CE"", ""strike_price"": 820, ""oich"": -67000}, {""ask"": 0, ""bid"": 0, ""oi"": 99000, ""option_type"": ""PE"", ""strike_price"": 880, ""oich"": -16000}, {""ask"": 0, ""bid"": 0, ""oi"": 124000, ""option_type"": ""PE"", ""strike_price"": 940, ""oich"": -23000}, {""ask"": 0, ""bid"": 0, ""oi"": 151000, ""option_type"": ""PE"", ""strike_price"": 1010, ""oich"": 0}, {""ask"": 0, ""bid"": 0, ""oi"": 11000, ""option_type"": ""PE"", ""strike_price"": 1050, ""oich"": 0}, {""ask"": 0, ""bid"": 0, ""oi"": 81000, ""option_type"": ""CE"", ""strike_price"": 1060, ""oich"": -1000}, {""ask"": 0, ""bid"": 0, ""oi"": 5000, ""option_type"": ""PE"", ""strike_price"": 1040, ""oich"": 0}, {""ask"": 0, ""bid"": 0, ""oi"": 104000, ""option_type"": ""PE"", ""strike_price"": 930, ""oich"": -17000}, {""ask"": 0, ""bid"": 0, ""oi"": 154000, ""option_type"": ""CE"", ""strike_price"": 980, ""oich"": -70000}, {""ask"": 0, ""bid"": 0, ""oi"": 0, ""option_type"": ""CE"", ""strike_price"": 680, ""oich"": 0}, {""ask"": 0, ""bid"": 0, ""oi"": 25000, ""option_type"": ""PE"", ""strike_price"": 820, ""oich"": -85000}, {""ask"": 0, ""bid"": 0, ""oi"": 28000, ""option_type"": ""CE"", ""strike_price"": 830, ""oich"": -89000}, {""ask"": 0, ""bid"": 0, ""oi"": 50000, ""option_type"": ""CE"", ""strike_price"": 870, ""oich"": -90000}, {""ask"": 0, ""bid"": 0, ""oi"": 2000, ""option_type"": ""PE"", ""strike_price"": 1030, ""oich"": 0}, {""ask"": 0, ""bid"": 0, ""oi"": 118000, ""option_type"": ""CE"", ""strike_price"": 1010, ""oich"": -2000}, {""ask"": 0, ""bid"": 0, ""oi"": 311000, ""option_type"": ""CE"", ""strike_price"": 900, ""oich"": -78000}, {""ask"": 0, ""bid"": 0, ""oi"": 111000, ""option_type"": ""CE"", ""strike_price"": 850, ""oich"": -100000}, {""ask"": 0, ""bid"": 0, ""oi"": 0, ""option_type"": ""PE"", ""strike_price"": 740, ""oich"": 0}, {""ask"": 0, ""bid"": 0, ""oi"": 412000, ""option_type"": ""CE"", ""strike_price"": 950, ""oich"": -16000}, {""ask"": 0, ""bid"": 0, ""oi"": 37000, ""option_type"": ""PE"", ""strike_price"": 920, ""oich"": -10000}, {""ask"": 0, ""bid"": 0, ""oi"": 7000, ""option_type"": ""CE"", ""strike_price"": 760, ""oich"": 0}, {""ask"": 0, ""bid"": 0, ""oi"": 0, ""option_type"": ""CE"", ""strike_price"": 740, ""oich"": 0}, {""ask"": 0, ""bid"": 0, ""oi"": 0, ""option_type"": ""CE"", ""strike_price"": 1120, ""oich"": 0}, {""ask"": 0, ""bid"": 0, ""oi"": 26000, ""option_type"": ""CE"", ""strike_price"": 1070, ""oich"": 0}, {""ask"": 0, ""bid"": 0, ""oi"": 112000, ""option_type"": ""PE"", ""strike_price"": 1000, ""oich"": -15000}, {""ask"": 0, ""bid"": 0, ""oi"": 0, ""option_type"": ""PE"", ""strike_price"": 680, ""oich"": 0}, {""ask"": 0, ""bid"": 0, ""oi"": 0, ""option_type"": ""PE"", ""strike_price"": 710, ""oich"": 0}, {""ask"": 0, ""bid"": 0, ""oi"": 0, ""option_type"": ""CE"", ""strike_price"": 720, ""oich"": 0}, {""ask"": 0, ""bid"": 0, ""oi"": 25000, ""option_type"": ""CE"", ""strike_price"": 810, ""oich"": 1000}, {""ask"": 0, ""bid"": 0, ""oi"": 58000, ""option_type"": ""PE"", ""strike_price"": 890, ""oich"": -2000}, {""ask"": 0, ""bid"": 0, ""oi"": 136000, ""option_type"": ""PE"", ""strike_price"": 910, ""oich"": -2000}, {""ask"": 0, ""bid"": 0, ""oi"": 151000, ""option_type"": ""CE"", ""strike_price"": 970, ""oich"": -1000}, {""ask"": 0, ""bid"": 0, ""oi"": 352000, ""option_type"": ""CE"", ""strike_price"": 1020, ""oich"": -2000}, {""ask"": 0, ""bid"": 0, ""oi"": 0, ""option_type"": ""PE"", ""strike_price"": 1070, ""oich"": 0}, {""ask"": 0, ""bid"": 0, ""oi"": 134000, ""option_type"": ""CE"", ""strike_price"": 1100, ""oich"": -7000}, {""ask"": 0, ""bid"": 0, ""oi"": 4000, ""option_type"": ""PE"", ""strike_price"": 1140, ""oich"": 0}, {""ask"": 0, ""bid"": 0, ""oi"": 0, ""option_type"": ""PE"", ""strike_price"": 720, ""oich"": 0}, {""ask"": 0, ""bid"": 0, ""oi"": 84000, ""option_type"": ""PE"", ""strike_price"": 840, ""oich"": -17000}, {""ask"": 0, ""bid"": 0, ""oi"": 93000, ""option_type"": ""CE"", ""strike_price"": 920, ""oich"": -32000}, {""ask"": 0, ""bid"": 0, ""oi"": 103000, ""option_type"": ""CE"", ""strike_price"": 930, ""oich"": -29000}, {""ask"": 0, ""bid"": 0, ""oi"": 71000, ""option_type"": ""PE"", ""strike_price"": 960, ""oich"": -5000}, {""ask"": 0, ""bid"": 0, ""oi"": 35000, ""option_type"": ""CE"", ""strike_price"": 1030, ""oich"": -33000}, {""ask"": 0, ""bid"": 0, ""oi"": 3000, ""option_type"": ""PE"", ""strike_price"": 1090, ""oich"": 0}, {""ask"": 0, ""bid"": 0, ""oi"": 9000, ""option_type"": ""PE"", ""strike_price"": 1120, ""oich"": 0}, {""ask"": 0, ""bid"": 0, ""oi"": 203000, ""option_type"": ""CE"", ""strike_price"": 1080, ""oich"": -2000}, {""ask"": 0, ""bid"": 0, ""oi"": 10000, ""option_type"": ""PE"", ""strike_price"": 1060, ""oich"": 0}, {""ask"": 0, ""bid"": 0, ""oi"": 370000, ""option_type"": ""CE"", ""strike_price"": 1000, ""oich"": -122000}, {""ask"": 0, ""bid"": 0, ""oi"": 221000, ""option_type"": ""PE"", ""strike_price"": 900, ""oich"": -59000}, {""ask"": 0, ""bid"": 0, ""oi"": 132000, ""option_type"": ""CE"", ""strike_price"": 860, ""oich"": -162000}, {""ask"": 0, ""bid"": 0, ""oi"": 86000, ""option_type"": ""PE"", ""strike_price"": 790, ""oich"": 0}, {""ask"": 0, ""bid"": 0, ""oi"": 6000, ""option_type"": ""CE"", ""strike_price"": 780, ""oich"": 2000}, {""ask"": 0, ""bid"": 0, ""oi"": 60000, ""option_type"": ""PE"", ""strike_price"": 760, ""oich"": -19000}, {""ask"": 0, ""bid"": 0, ""oi"": 2000, ""option_type"": ""CE"", ""strike_price"": 700, ""oich"": 2000}, {""ask"": 0, ""bid"": 0, ""oi"": 0, ""option_type"": ""CE"", ""strike_price"": 750, ""oich"": 0}, {""ask"": 0, ""bid"": 0, ""oi"": 1000, ""option_type"": ""CE"", ""strike_price"": 790, ""oich"": 0}, {""ask"": 0, ""bid"": 0, ""oi"": 37000, ""option_type"": ""CE"", ""strike_price"": 910, ""oich"": -11000}, {""ask"": 0, ""bid"": 0, ""oi"": 141000, ""option_type"": ""CE"", ""strike_price"": 940, ""oich"": -33000}, {""ask"": 0, ""bid"": 0, ""oi"": 43000, ""option_type"": ""PE"", ""strike_price"": 970, ""oich"": -4000}, {""ask"": 0, ""bid"": 0, ""oi"": 1000, ""option_type"": ""CE"", ""strike_price"": 1090, ""oich"": 1000}, {""ask"": 0, ""bid"": 0, ""oi"": 0, ""option_type"": ""PE"", ""strike_price"": 690, ""oich"": 0}]",2452000,2026-01-27
