callOi,expiryData,indiavixData,optionsChain,putOi,fetched_datetime
3655000,,,"[{""ask"": 0, ""bid"": 0, ""oi"": 1000, ""option_type"": ""CE"", ""strike_price"": 760, ""oich"": 1000}, {""ask"": 0, ""bid"": 0, ""oi"": 22000, ""option_type"": ""PE"", ""strike_price"": 960, ""oich"": 22000}, {""ask"": 0, ""bid"": 0, ""oi"": 247000, ""option_type"": ""CE"", ""strike_price"": 920, ""oich"": 247000}, {""ask"": 0, ""bid"": 0, ""oi"": 93000, ""option_type"": ""PE"", ""strike_price"": 780, ""oich"": 93000}, {""ask"": 0, ""bid"": 0, ""oi"": 157000, ""option_type"": ""CE"", ""strike_price"": 1000, ""oich"": 157000}, {""ask"": 0, ""bid"": 0, ""oi"": 0, ""option_type"": ""PE"", ""strike_price"": 980, ""oich"": 0}, {""ask"": 0, ""bid"": 0, ""oi"": 2000, ""option_type"": ""PE"", ""strike_price"": 910, ""oich"": 2000}, {""ask"": 0, ""bid"": 0, ""oi"": 154000, ""option_type"": ""PE"", ""strike_price"": 840, ""oich"": 154000}, {""ask"": 0, ""bid"": 0, ""oi"": 98000, ""option_type"": ""CE"", ""strike_price"": 840, ""oich"": 98000}, {""ask"": 0, ""bid"": 0, ""oi"": 14000, ""option_type"": ""CE"", ""strike_price"": 830, ""oich"": 14000}, {""ask"": 0, ""bid"": 0, ""oi"": 0, ""option_type"": ""CE"", ""strike_price"": 740, ""oich"": 0}, {""ask"": 0, ""bid"": 0, ""oi"": 11000, ""option_type"": ""PE"", ""strike_price"": 970, ""oich"": 11000}, {""ask"": 0, ""bid"": 0, ""oi"": 3000, ""option_type"": ""PE"", ""strike_price"": 1000, ""oich"": 3000}, {""ask"": 0, ""bid"": 0, ""oi"": 165000, ""option_type"": ""PE"", ""strike_price"": 900, ""oich"": 165000}, {""ask"": 0, ""bid"": 0, ""oi"": 93000, ""option_type"": ""CE"", ""strike_price"": 890, ""oich"": 93000}, {""ask"": 0, ""bid"": 0, ""oi"": 198000, ""option_type"": ""CE"", ""strike_price"": 860, ""oich"": 198000}, {""ask"": 0, ""bid"": 0, ""oi"": 21000, ""option_type"": ""CE"", ""strike_price"": 800, ""oich"": 21000}, {""ask"": 0, ""bid"": 0, ""oi"": 65000, ""option_type"": ""PE"", ""strike_price"": 770, ""oich"": 65000}, {""ask"": 0, ""bid"": 0, ""oi"": 5000, ""option_type"": ""CE"", ""strike_price"": 970, ""oich"": 5000}, {""ask"": 0, ""bid"": 0, ""oi"": 0, ""option_type"": ""CE"", ""strike_price"": 810, ""oich"": 0}, {""ask"": 0, ""bid"": 0, ""oi"": 0, ""option_type"": ""CE"", ""strike_price"": 720, ""oich"": 0}, {""ask"": 0, ""bid"": 0, ""oi"": 40000, ""option_type"": ""CE"", ""strike_price"": 980, ""oich"": 40000}, {""ask"": 0, ""bid"": 0, ""oi"": 29000, ""option_type"": ""PE"", ""strike_price"": 950, ""oich"": 29000}, {""ask"": 0, ""bid"": 0, ""oi"": 109000, ""option_type"": ""CE"", ""strike_price"": 930, ""oich"": 109000}, {""ask"": 0, ""bid"": 0, ""oi"": 12000, ""option_type"": ""PE"", ""strike_price"": 920, ""oich"": 12000}, {""ask"": 0, ""bid"": 0, ""oi"": 468000, ""option_type"": ""CE"", ""strike_price"": 880, ""oich"": 468000}, {""ask"": 0, ""bid"": 0, ""oi"": 196000, ""option_type"": ""PE"", ""strike_price"": 850, ""oich"": 196000}, {""ask"": 0, ""bid"": 0, ""oi"": 0, ""option_type"": ""CE"", ""strike_price"": 820, ""oich"": 0}, {""ask"": 0, ""bid"": 0, ""oi"": 30000, ""option_type"": ""PE"", ""strike_price"": 740, ""oich"": 30000}, {""ask"": 0, ""bid"": 0, ""oi"": 1000, ""option_type"": ""PE"", ""strike_price"": 700, ""oich"": 1000}, {""ask"": 0, ""bid"": 0, ""oi"": 1000, ""option_type"": ""CE"", ""strike_price"": 750, ""oich"": 1000}, {""ask"": 0, ""bid"": 0, ""oi"": 0, ""option_type"": ""PE"", ""strike_price"": 750, ""oich"": 0}, {""ask"": 0, ""bid"": 0, ""oi"": 143000, ""option_type"": ""PE"", ""strike_price"": 880, ""oich"": 143000}, {""ask"": 0, ""bid"": 0, ""oi"": 3000, ""option_type"": ""PE"", ""strike_price"": 1020, ""oich"": 3000}, {""ask"": 0, ""bid"": 0, ""oi"": 0, ""option_type"": ""CE"", ""strike_price"": 700, ""oich"": 0}, {""ask"": 0, ""bid"": 0, ""oi"": 93000, ""option_type"": ""PE"", ""strike_price"": 860, ""oich"": 93000}, {""ask"": 0, ""bid"": 0, ""oi"": 0, ""option_type"": ""PE"", ""strike_price"": 940, ""oich"": 0}, {""ask"": 0, ""bid"": 0, ""oi"": 1000, ""option_type"": ""CE"", ""strike_price"": 770, ""oich"": 1000}, {""ask"": 0, ""bid"": 0, ""oi"": 171000, ""option_type"": ""CE"", ""strike_price"": 850, ""oich"": 171000}, {""ask"": 0, ""bid"": 0, ""oi"": 116000, ""option_type"": ""PE"", ""strike_price"": 870, ""oich"": 116000}, {""ask"": 0, ""bid"": 0, ""oi"": 5000, ""option_type"": ""PE"", ""strike_price"": 720, ""oich"": 5000}, {""ask"": 0, ""bid"": 0, ""oi"": 0, ""option_type"": ""CE"", ""strike_price"": 790, ""oich"": 0}, {""ask"": 0, ""bid"": 0, ""oi"": 239000, ""option_type"": ""CE"", ""strike_price"": 960, ""oich"": 239000}, {""ask"": 0, ""bid"": 0, ""oi"": 196000, ""option_type"": ""PE"", ""strike_price"": 760, ""oich"": 196000}, {""ask"": 0, ""bid"": 0, ""oi"": 88000, ""option_type"": ""CE"", ""strike_price"": 910, ""oich"": 88000}, {""ask"": 0, ""bid"": 0, ""oi"": 9000, ""option_type"": ""PE"", ""strike_price"": 890, ""oich"": 9000}, {""ask"": 0, ""bid"": 0, ""oi"": 213000, ""option_type"": ""PE"", ""strike_price"": 820, ""oich"": 213000}, {""ask"": 0, ""bid"": 0, ""oi"": 65000, ""option_type"": ""PE"", ""strike_price"": 790, ""oich"": 65000}, {""ask"": 0, ""bid"": 0, ""oi"": 289000, ""option_type"": ""CE"", ""strike_price"": 870, ""oich"": 289000}, {""ask"": 0, ""bid"": 0, ""oi"": 3000, ""option_type"": ""PE"", ""strike_price"": 930, ""oich"": 3000}, {""ask"": 0, ""bid"": 0, ""oi"": 104000, ""option_type"": ""PE"", ""strike_price"": 810, ""oich"": 104000}, {""ask"": 0, ""bid"": 0, ""oi"": 438000, ""option_type"": ""PE"", ""strike_price"": 800, ""oich"": 438000}, {""ask"": 0, ""bid"": 0, ""oi"": 0, ""option_type"": ""CE"", ""strike_price"": 780, ""oich"": 0}, {""ask"": 0, ""bid"": 0, ""oi"": 502000, ""option_type"": ""CE"", ""strike_price"": 900, ""oich"": 502000}, {""ask"": 0, ""bid"": 0, ""oi"": 48000, ""option_type"": ""CE"", ""strike_price"": 940, ""oich"": 48000}, {""ask"": 0, ""bid"": 0, ""oi"": 846000, ""option_type"": ""CE"", ""strike_price"": 950, ""oich"": 846000}, {""ask"": 0, ""bid"": 0, ""oi"": 19000, ""option_type"": ""CE"", ""strike_price"": 1020, ""oich"": 19000}, {""ask"": 0, ""bid"": 0, ""oi"": 43000, ""option_type"": ""PE"", ""strike_price"": 830, ""oich"": 43000}]",2214000,2025-12-29
4084000,,,"[{""ask"": 0, ""bid"": 0, ""oi"": 258000, ""option_type"": ""CE"", ""strike_price"": 960, ""oich"": 19000}, {""ask"": 0, ""bid"": 0, ""oi"": 13000, ""option_type"": ""PE"", ""strike_price"": 970, ""oich"": 2000}, {""ask"": 0, ""bid"": 0, ""oi"": 3000, ""option_type"": ""PE"", ""strike_price"": 930, ""oich"": 0}, {""ask"": 0, ""bid"": 0, ""oi"": 294000, ""option_type"": ""CE"", ""strike_price"": 870, ""oich"": 5000}, {""ask"": 0, ""bid"": 0, ""oi"": 142000, ""option_type"": ""PE"", ""strike_price"": 810, ""oich"": 38000}, {""ask"": 0, ""bid"": 0, ""oi"": 516000, ""option_type"": ""PE"", ""strike_price"": 800, ""oich"": 78000}, {""ask"": 0, ""bid"": 0, ""oi"": 0, ""option_type"": ""CE"", ""strike_price"": 780, ""oich"": 0}, {""ask"": 0, ""bid"": 0, ""oi"": 30000, ""option_type"": ""PE"", ""strike_price"": 740, ""oich"": 0}, {""ask"": 0, ""bid"": 0, ""oi"": 9000, ""option_type"": ""CE"", ""strike_price"": 820, ""oich"": 9000}, {""ask"": 0, ""bid"": 0, ""oi"": 227000, ""option_type"": ""PE"", ""strike_price"": 850, ""oich"": 31000}, {""ask"": 0, ""bid"": 0, ""oi"": 468000, ""option_type"": ""CE"", ""strike_price"": 880, ""oich"": 0}, {""ask"": 0, ""bid"": 0, ""oi"": 12000, ""option_type"": ""PE"", ""strike_price"": 920, ""oich"": 0}, {""ask"": 0, ""bid"": 0, ""oi"": 118000, ""option_type"": ""CE"", ""strike_price"": 930, ""oich"": 9000}, {""ask"": 0, ""bid"": 0, ""oi"": 29000, ""option_type"": ""PE"", ""strike_price"": 950, ""oich"": 0}, {""ask"": 0, ""bid"": 0, ""oi"": 40000, ""option_type"": ""CE"", ""strike_price"": 980, ""oich"": 0}, {""ask"": 0, ""bid"": 0, ""oi"": 40000, ""option_type"": ""CE"", ""strike_price"": 830, ""oich"": 26000}, {""ask"": 0, ""bid"": 0, ""oi"": 211000, ""option_type"": ""CE"", ""strike_price"": 850, ""oich"": 40000}, {""ask"": 0, ""bid"": 0, ""oi"": 193000, ""option_type"": ""PE"", ""strike_price"": 840, ""oich"": 39000}, {""ask"": 0, ""bid"": 0, ""oi"": 146000, ""option_type"": ""CE"", ""strike_price"": 840, ""oich"": 48000}, {""ask"": 0, ""bid"": 0, ""oi"": 170000, ""option_type"": ""CE"", ""strike_price"": 1000, ""oich"": 13000}, {""ask"": 0, ""bid"": 0, ""oi"": 4000, ""option_type"": ""PE"", ""strike_price"": 980, ""oich"": 4000}, {""ask"": 0, ""bid"": 0, ""oi"": 4000, ""option_type"": ""PE"", ""strike_price"": 910, ""oich"": 2000}, {""ask"": 0, ""bid"": 0, ""oi"": 0, ""option_type"": ""CE"", ""strike_price"": 740, ""oich"": 0}, {""ask"": 0, ""bid"": 0, ""oi"": 93000, ""option_type"": ""PE"", ""strike_price"": 790, ""oich"": 28000}, {""ask"": 0, ""bid"": 0, ""oi"": 257000, ""option_type"": ""PE"", ""strike_price"": 820, ""oich"": 44000}, {""ask"": 0, ""bid"": 0, ""oi"": 13000, ""option_type"": ""PE"", ""strike_price"": 890, ""oich"": 4000}, {""ask"": 0, ""bid"": 0, ""oi"": 121000, ""option_type"": ""CE"", ""strike_price"": 910, ""oich"": 33000}, {""ask"": 0, ""bid"": 0, ""oi"": 0, ""option_type"": ""CE"", ""strike_price"": 700, ""oich"": 0}, {""ask"": 0, ""bid"": 0, ""oi"": 1000, ""option_type"": ""PE"", ""strike_price"": 700, ""oich"": 0}, {""ask"": 0, ""bid"": 0, ""oi"": 8000, ""option_type"": ""CE"", ""strike_price"": 750, ""oich"": 7000}, {""ask"": 0, ""bid"": 0, ""oi"": 63000, ""option_type"": ""PE"", ""strike_price"": 750, ""oich"": 63000}, {""ask"": 0, ""bid"": 0, ""oi"": 144000, ""option_type"": ""PE"", ""strike_price"": 880, ""oich"": 1000}, {""ask"": 0, ""bid"": 0, ""oi"": 3000, ""option_type"": ""PE"", ""strike_price"": 1020, ""oich"": 0}, {""ask"": 0, ""bid"": 0, ""oi"": 172000, ""option_type"": ""PE"", ""strike_price"": 900, ""oich"": 7000}, {""ask"": 0, ""bid"": 0, ""oi"": 125000, ""option_type"": ""CE"", ""strike_price"": 890, ""oich"": 32000}, {""ask"": 0, ""bid"": 0, ""oi"": 3000, ""option_type"": ""PE"", ""strike_price"": 1000, ""oich"": 0}, {""ask"": 0, ""bid"": 0, ""oi"": 246000, ""option_type"": ""CE"", ""strike_price"": 860, ""oich"": 48000}, {""ask"": 0, ""bid"": 0, ""oi"": 25000, ""option_type"": ""CE"", ""strike_price"": 800, ""oich"": 4000}, {""ask"": 0, ""bid"": 0, ""oi"": 123000, ""option_type"": ""PE"", ""strike_price"": 770, ""oich"": 58000}, {""ask"": 0, ""bid"": 0, ""oi"": 19000, ""option_type"": ""CE"", ""strike_price"": 1020, ""oich"": 0}, {""ask"": 0, ""bid"": 0, ""oi"": 911000, ""option_type"": ""CE"", ""strike_price"": 950, ""oich"": 65000}, {""ask"": 0, ""bid"": 0, ""oi"": 48000, ""option_type"": ""CE"", ""strike_price"": 940, ""oich"": 0}, {""ask"": 0, ""bid"": 0, ""oi"": 530000, ""option_type"": ""CE"", ""strike_price"": 900, ""oich"": 28000}, {""ask"": 0, ""bid"": 0, ""oi"": 110000, ""option_type"": ""PE"", ""strike_price"": 870, ""oich"": -6000}, {""ask"": 0, ""bid"": 0, ""oi"": 62000, ""option_type"": ""PE"", ""strike_price"": 830, ""oich"": 19000}, {""ask"": 0, ""bid"": 0, ""oi"": 1000, ""option_type"": ""CE"", ""strike_price"": 760, ""oich"": 0}, {""ask"": 0, ""bid"": 0, ""oi"": 22000, ""option_type"": ""PE"", ""strike_price"": 960, ""oich"": 0}, {""ask"": 0, ""bid"": 0, ""oi"": 283000, ""option_type"": ""CE"", ""strike_price"": 920, ""oich"": 36000}, {""ask"": 0, ""bid"": 0, ""oi"": 138000, ""option_type"": ""PE"", ""strike_price"": 780, ""oich"": 45000}, {""ask"": 0, ""bid"": 0, ""oi"": 1000, ""option_type"": ""CE"", ""strike_price"": 770, ""oich"": 0}, {""ask"": 0, ""bid"": 0, ""oi"": 101000, ""option_type"": ""PE"", ""strike_price"": 860, ""oich"": 8000}, {""ask"": 0, ""bid"": 0, ""oi"": 0, ""option_type"": ""PE"", ""strike_price"": 940, ""oich"": 0}, {""ask"": 0, ""bid"": 0, ""oi"": 0, ""option_type"": ""CE"", ""strike_price"": 720, ""oich"": 0}, {""ask"": 0, ""bid"": 0, ""oi"": 0, ""option_type"": ""CE"", ""strike_price"": 810, ""oich"": 0}, {""ask"": 0, ""bid"": 0, ""oi"": 12000, ""option_type"": ""CE"", ""strike_price"": 970, ""oich"": 7000}, {""ask"": 0, ""bid"": 0, ""oi"": 8000, ""option_type"": ""PE"", ""strike_price"": 720, ""oich"": 3000}, {""ask"": 0, ""bid"": 0, ""oi"": 264000, ""option_type"": ""PE"", ""strike_price"": 760, ""oich"": 68000}, {""ask"": 0, ""bid"": 0, ""oi"": 0, ""option_type"": ""CE"", ""strike_price"": 790, ""oich"": 0}]",2750000,2025-12-30
4119000,,,"[{""ask"": 0, ""bid"": 0, ""oi"": 47000, ""option_type"": ""CE"", ""strike_price"": 830, ""oich"": 7000}, {""ask"": 0, ""bid"": 0, ""oi"": 85000, ""option_type"": ""CE"", ""strike_price"": 840, ""oich"": -61000}, {""ask"": 0, ""bid"": 0, ""oi"": 174000, ""option_type"": ""PE"", ""strike_price"": 840, ""oich"": -19000}, {""ask"": 0, ""bid"": 0, ""oi"": 421000, ""option_type"": ""CE"", ""strike_price"": 960, ""oich"": 163000}, {""ask"": 0, ""bid"": 0, ""oi"": 0, ""option_type"": ""CE"", ""strike_price"": 790, ""oich"": 0}, {""ask"": 0, ""bid"": 0, ""oi"": 337000, ""option_type"": ""PE"", ""strike_price"": 760, ""oich"": 73000}, {""ask"": 0, ""bid"": 0, ""oi"": 11000, ""option_type"": ""PE"", ""strike_price"": 720, ""oich"": 3000}, {""ask"": 0, ""bid"": 0, ""oi"": 0, ""option_type"": ""CE"", ""strike_price"": 810, ""oich"": 0}, {""ask"": 0, ""bid"": 0, ""oi"": 12000, ""option_type"": ""CE"", ""strike_price"": 970, ""oich"": 0}, {""ask"": 0, ""bid"": 0, ""oi"": 0, ""option_type"": ""CE"", ""strike_price"": 720, ""oich"": 0}, {""ask"": 0, ""bid"": 0, ""oi"": 122000, ""option_type"": ""PE"", ""strike_price"": 830, ""oich"": 60000}, {""ask"": 0, ""bid"": 0, ""oi"": 0, ""option_type"": ""PE"", ""strike_price"": 940, ""oich"": 0}, {""ask"": 0, ""bid"": 0, ""oi"": 210000, ""option_type"": ""PE"", ""strike_price"": 860, ""oich"": 109000}, {""ask"": 0, ""bid"": 0, ""oi"": 1000, ""option_type"": ""CE"", ""strike_price"": 770, ""oich"": 0}, {""ask"": 0, ""bid"": 0, ""oi"": 14000, ""option_type"": ""CE"", ""strike_price"": 820, ""oich"": 5000}, {""ask"": 0, ""bid"": 0, ""oi"": 30000, ""option_type"": ""PE"", ""strike_price"": 740, ""oich"": 0}, {""ask"": 0, ""bid"": 0, ""oi"": 391000, ""option_type"": ""CE"", ""strike_price"": 880, ""oich"": -77000}, {""ask"": 0, ""bid"": 0, ""oi"": 114000, ""option_type"": ""CE"", ""strike_price"": 980, ""oich"": 74000}, {""ask"": 0, ""bid"": 0, ""oi"": 29000, ""option_type"": ""PE"", ""strike_price"": 950, ""oich"": 0}, {""ask"": 0, ""bid"": 0, ""oi"": 152000, ""option_type"": ""CE"", ""strike_price"": 930, ""oich"": 34000}, {""ask"": 0, ""bid"": 0, ""oi"": 1000, ""option_type"": ""CE"", ""strike_price"": 760, ""oich"": 0}, {""ask"": 0, ""bid"": 0, ""oi"": 19000, ""option_type"": ""CE"", ""strike_price"": 1020, ""oich"": 0}, {""ask"": 0, ""bid"": 0, ""oi"": 681000, ""option_type"": ""CE"", ""strike_price"": 950, ""oich"": -230000}, {""ask"": 0, ""bid"": 0, ""oi"": 134000, ""option_type"": ""CE"", ""strike_price"": 940, ""oich"": 86000}, {""ask"": 0, ""bid"": 0, ""oi"": 609000, ""option_type"": ""CE"", ""strike_price"": 900, ""oich"": 79000}, {""ask"": 0, ""bid"": 0, ""oi"": 142000, ""option_type"": ""PE"", ""strike_price"": 870, ""oich"": 32000}, {""ask"": 0, ""bid"": 0, ""oi"": 12000, ""option_type"": ""PE"", ""strike_price"": 920, ""oich"": 0}, {""ask"": 0, ""bid"": 0, ""oi"": 272000, ""option_type"": ""PE"", ""strike_price"": 850, ""oich"": 45000}, {""ask"": 0, ""bid"": 0, ""oi"": 1000, ""option_type"": ""CE"", ""strike_price"": 780, ""oich"": 1000}, {""ask"": 0, ""bid"": 0, ""oi"": 558000, ""option_type"": ""PE"", ""strike_price"": 800, ""oich"": 42000}, {""ask"": 0, ""bid"": 0, ""oi"": 161000, ""option_type"": ""PE"", ""strike_price"": 810, ""oich"": 19000}, {""ask"": 0, ""bid"": 0, ""oi"": 263000, ""option_type"": ""CE"", ""strike_price"": 870, ""oich"": -31000}, {""ask"": 0, ""bid"": 0, ""oi"": 3000, ""option_type"": ""PE"", ""strike_price"": 930, ""oich"": 0}, {""ask"": 0, ""bid"": 0, ""oi"": 172000, ""option_type"": ""PE"", ""strike_price"": 770, ""oich"": 49000}, {""ask"": 0, ""bid"": 0, ""oi"": 28000, ""option_type"": ""CE"", ""strike_price"": 800, ""oich"": 3000}, {""ask"": 0, ""bid"": 0, ""oi"": 112000, ""option_type"": ""CE"", ""strike_price"": 890, ""oich"": -13000}, {""ask"": 0, ""bid"": 0, ""oi"": 212000, ""option_type"": ""CE"", ""strike_price"": 860, ""oich"": -34000}, {""ask"": 0, ""bid"": 0, ""oi"": 151000, ""option_type"": ""PE"", ""strike_price"": 900, ""oich"": -21000}, {""ask"": 0, ""bid"": 0, ""oi"": 4000, ""option_type"": ""PE"", ""strike_price"": 1000, ""oich"": 1000}, {""ask"": 0, ""bid"": 0, ""oi"": 13000, ""option_type"": ""PE"", ""strike_price"": 970, ""oich"": 0}, {""ask"": 0, ""bid"": 0, ""oi"": 135000, ""option_type"": ""CE"", ""strike_price"": 910, ""oich"": 14000}, {""ask"": 0, ""bid"": 0, ""oi"": 90000, ""option_type"": ""PE"", ""strike_price"": 790, ""oich"": -3000}, {""ask"": 0, ""bid"": 0, ""oi"": 282000, ""option_type"": ""PE"", ""strike_price"": 820, ""oich"": 25000}, {""ask"": 0, ""bid"": 0, ""oi"": 22000, ""option_type"": ""PE"", ""strike_price"": 890, ""oich"": 9000}, {""ask"": 0, ""bid"": 0, ""oi"": 164000, ""option_type"": ""PE"", ""strike_price"": 780, ""oich"": 26000}, {""ask"": 0, ""bid"": 0, ""oi"": 299000, ""option_type"": ""CE"", ""strike_price"": 920, ""oich"": 16000}, {""ask"": 0, ""bid"": 0, ""oi"": 22000, ""option_type"": ""PE"", ""strike_price"": 960, ""oich"": 0}, {""ask"": 0, ""bid"": 0, ""oi"": 0, ""option_type"": ""CE"", ""strike_price"": 700, ""oich"": 0}, {""ask"": 0, ""bid"": 0, ""oi"": 2000, ""option_type"": ""PE"", ""strike_price"": 700, ""oich"": 1000}, {""ask"": 0, ""bid"": 0, ""oi"": 8000, ""option_type"": ""CE"", ""strike_price"": 750, ""oich"": 0}, {""ask"": 0, ""bid"": 0, ""oi"": 107000, ""option_type"": ""PE"", ""strike_price"": 750, ""oich"": 44000}, {""ask"": 0, ""bid"": 0, ""oi"": 85000, ""option_type"": ""PE"", ""strike_price"": 880, ""oich"": -59000}, {""ask"": 0, ""bid"": 0, ""oi"": 2000, ""option_type"": ""PE"", ""strike_price"": 1020, ""oich"": -1000}, {""ask"": 0, ""bid"": 0, ""oi"": 159000, ""option_type"": ""CE"", ""strike_price"": 850, ""oich"": -52000}, {""ask"": 0, ""bid"": 0, ""oi"": 4000, ""option_type"": ""PE"", ""strike_price"": 910, ""oich"": 0}, {""ask"": 0, ""bid"": 0, ""oi"": 4000, ""option_type"": ""PE"", ""strike_price"": 980, ""oich"": 0}, {""ask"": 0, ""bid"": 0, ""oi"": 221000, ""option_type"": ""CE"", ""strike_price"": 1000, ""oich"": 51000}, {""ask"": 0, ""bid"": 0, ""oi"": 0, ""option_type"": ""CE"", ""strike_price"": 740, ""oich"": 0}]",3185000,2025-12-31
4437000,,,"[{""ask"": 0, ""bid"": 0, ""oi"": 13000, ""option_type"": ""PE"", ""strike_price"": 970, ""oich"": 0}, {""ask"": 0, ""bid"": 0, ""oi"": 12000, ""option_type"": ""CE"", ""strike_price"": 970, ""oich"": 0}, {""ask"": 0, ""bid"": 0, ""oi"": 0, ""option_type"": ""CE"", ""strike_price"": 810, ""oich"": 0}, {""ask"": 0, ""bid"": 0, ""oi"": 0, ""option_type"": ""CE"", ""strike_price"": 720, ""oich"": 0}, {""ask"": 0, ""bid"": 0, ""oi"": 30000, ""option_type"": ""PE"", ""strike_price"": 740, ""oich"": 0}, {""ask"": 0, ""bid"": 0, ""oi"": 14000, ""option_type"": ""CE"", ""strike_price"": 820, ""oich"": 0}, {""ask"": 0, ""bid"": 0, ""oi"": 258000, ""option_type"": ""PE"", ""strike_price"": 850, ""oich"": -14000}, {""ask"": 0, ""bid"": 0, ""oi"": 402000, ""option_type"": ""CE"", ""strike_price"": 880, ""oich"": 11000}, {""ask"": 0, ""bid"": 0, ""oi"": 12000, ""option_type"": ""PE"", ""strike_price"": 920, ""oich"": 0}, {""ask"": 0, ""bid"": 0, ""oi"": 189000, ""option_type"": ""CE"", ""strike_price"": 930, ""oich"": 37000}, {""ask"": 0, ""bid"": 0, ""oi"": 30000, ""option_type"": ""PE"", ""strike_price"": 950, ""oich"": 1000}, {""ask"": 0, ""bid"": 0, ""oi"": 119000, ""option_type"": ""CE"", ""strike_price"": 980, ""oich"": 5000}, {""ask"": 0, ""bid"": 0, ""oi"": 47000, ""option_type"": ""CE"", ""strike_price"": 830, ""oich"": 0}, {""ask"": 0, ""bid"": 0, ""oi"": 81000, ""option_type"": ""CE"", ""strike_price"": 840, ""oich"": -4000}, {""ask"": 0, ""bid"": 0, ""oi"": 166000, ""option_type"": ""PE"", ""strike_price"": 840, ""oich"": -8000}, {""ask"": 0, ""bid"": 0, ""oi"": 162000, ""option_type"": ""CE"", ""strike_price"": 850, ""oich"": 3000}, {""ask"": 0, ""bid"": 0, ""oi"": 247000, ""option_type"": ""CE"", ""strike_price"": 1000, ""oich"": 26000}, {""ask"": 0, ""bid"": 0, ""oi"": 4000, ""option_type"": ""PE"", ""strike_price"": 980, ""oich"": 0}, {""ask"": 0, ""bid"": 0, ""oi"": 4000, ""option_type"": ""PE"", ""strike_price"": 910, ""oich"": 0}, {""ask"": 0, ""bid"": 0, ""oi"": 0, ""option_type"": ""CE"", ""strike_price"": 740, ""oich"": 0}, {""ask"": 0, ""bid"": 0, ""oi"": 276000, ""option_type"": ""CE"", ""strike_price"": 860, ""oich"": 64000}, {""ask"": 0, ""bid"": 0, ""oi"": 28000, ""option_type"": ""CE"", ""strike_price"": 800, ""oich"": 0}, {""ask"": 0, ""bid"": 0, ""oi"": 156000, ""option_type"": ""PE"", ""strike_price"": 770, ""oich"": -16000}, {""ask"": 0, ""bid"": 0, ""oi"": 105000, ""option_type"": ""CE"", ""strike_price"": 890, ""oich"": -7000}, {""ask"": 0, ""bid"": 0, ""oi"": 157000, ""option_type"": ""PE"", ""strike_price"": 900, ""oich"": 6000}, {""ask"": 0, ""bid"": 0, ""oi"": 4000, ""option_type"": ""PE"", ""strike_price"": 1000, ""oich"": 0}, {""ask"": 0, ""bid"": 0, ""oi"": 312000, ""option_type"": ""CE"", ""strike_price"": 920, ""oich"": 13000}, {""ask"": 0, ""bid"": 0, ""oi"": 215000, ""option_type"": ""PE"", ""strike_price"": 780, ""oich"": 51000}, {""ask"": 0, ""bid"": 0, ""oi"": 183000, ""option_type"": ""CE"", ""strike_price"": 910, ""oich"": 48000}, {""ask"": 0, ""bid"": 0, ""oi"": 23000, ""option_type"": ""PE"", ""strike_price"": 890, ""oich"": 1000}, {""ask"": 0, ""bid"": 0, ""oi"": 292000, ""option_type"": ""PE"", ""strike_price"": 820, ""oich"": 10000}, {""ask"": 0, ""bid"": 0, ""oi"": 118000, ""option_type"": ""PE"", ""strike_price"": 790, ""oich"": 28000}, {""ask"": 0, ""bid"": 0, ""oi"": 153000, ""option_type"": ""CE"", ""strike_price"": 940, ""oich"": 19000}, {""ask"": 0, ""bid"": 0, ""oi"": 189000, ""option_type"": ""PE"", ""strike_price"": 870, ""oich"": 47000}, {""ask"": 0, ""bid"": 0, ""oi"": 711000, ""option_type"": ""CE"", ""strike_price"": 950, ""oich"": 30000}, {""ask"": 0, ""bid"": 0, ""oi"": 570000, ""option_type"": ""CE"", ""strike_price"": 900, ""oich"": -39000}, {""ask"": 0, ""bid"": 0, ""oi"": 20000, ""option_type"": ""CE"", ""strike_price"": 1020, ""oich"": 1000}, {""ask"": 0, ""bid"": 0, ""oi"": 1000, ""option_type"": ""CE"", ""strike_price"": 760, ""oich"": 0}, {""ask"": 0, ""bid"": 0, ""oi"": 133000, ""option_type"": ""PE"", ""strike_price"": 830, ""oich"": 11000}, {""ask"": 0, ""bid"": 0, ""oi"": 2000, ""option_type"": ""PE"", ""strike_price"": 1020, ""oich"": 0}, {""ask"": 0, ""bid"": 0, ""oi"": 90000, ""option_type"": ""PE"", ""strike_price"": 880, ""oich"": 5000}, {""ask"": 0, ""bid"": 0, ""oi"": 114000, ""option_type"": ""PE"", ""strike_price"": 750, ""oich"": 7000}, {""ask"": 0, ""bid"": 0, ""oi"": 8000, ""option_type"": ""CE"", ""strike_price"": 750, ""oich"": 0}, {""ask"": 0, ""bid"": 0, ""oi"": 12000, ""option_type"": ""PE"", ""strike_price"": 700, ""oich"": 10000}, {""ask"": 0, ""bid"": 0, ""oi"": 3000, ""option_type"": ""PE"", ""strike_price"": 930, ""oich"": 0}, {""ask"": 0, ""bid"": 0, ""oi"": 204000, ""option_type"": ""PE"", ""strike_price"": 810, ""oich"": 43000}, {""ask"": 0, ""bid"": 0, ""oi"": 334000, ""option_type"": ""CE"", ""strike_price"": 870, ""oich"": 71000}, {""ask"": 0, ""bid"": 0, ""oi"": 597000, ""option_type"": ""PE"", ""strike_price"": 800, ""oich"": 39000}, {""ask"": 0, ""bid"": 0, ""oi"": 1000, ""option_type"": ""CE"", ""strike_price"": 780, ""oich"": 0}, {""ask"": 0, ""bid"": 0, ""oi"": 11000, ""option_type"": ""PE"", ""strike_price"": 720, ""oich"": 0}, {""ask"": 0, ""bid"": 0, ""oi"": 461000, ""option_type"": ""CE"", ""strike_price"": 960, ""oich"": 40000}, {""ask"": 0, ""bid"": 0, ""oi"": 0, ""option_type"": ""CE"", ""strike_price"": 790, ""oich"": 0}, {""ask"": 0, ""bid"": 0, ""oi"": 453000, ""option_type"": ""PE"", ""strike_price"": 760, ""oich"": 116000}, {""ask"": 0, ""bid"": 0, ""oi"": 209000, ""option_type"": ""PE"", ""strike_price"": 860, ""oich"": -1000}, {""ask"": 0, ""bid"": 0, ""oi"": 1000, ""option_type"": ""CE"", ""strike_price"": 770, ""oich"": 0}, {""ask"": 0, ""bid"": 0, ""oi"": 0, ""option_type"": ""PE"", ""strike_price"": 940, ""oich"": 0}, {""ask"": 0, ""bid"": 0, ""oi"": 22000, ""option_type"": ""PE"", ""strike_price"": 960, ""oich"": 0}]",3521000,2026-01-01
4749000,,,"[{""ask"": 0, ""bid"": 0, ""oi"": 200000, ""option_type"": ""PE"", ""strike_price"": 810, ""oich"": -4000}, {""ask"": 0, ""bid"": 0, ""oi"": 48000, ""option_type"": ""CE"", ""strike_price"": 970, ""oich"": 36000}, {""ask"": 0, ""bid"": 0, ""oi"": 0, ""option_type"": ""CE"", ""strike_price"": 810, ""oich"": 0}, {""ask"": 0, ""bid"": 0, ""oi"": 0, ""option_type"": ""CE"", ""strike_price"": 720, ""oich"": 0}, {""ask"": 0, ""bid"": 0, ""oi"": 200000, ""option_type"": ""CE"", ""strike_price"": 910, ""oich"": 17000}, {""ask"": 0, ""bid"": 0, ""oi"": 62000, ""option_type"": ""PE"", ""strike_price"": 890, ""oich"": 39000}, {""ask"": 0, ""bid"": 0, ""oi"": 146000, ""option_type"": ""PE"", ""strike_price"": 790, ""oich"": 28000}, {""ask"": 0, ""bid"": 0, ""oi"": 299000, ""option_type"": ""PE"", ""strike_price"": 820, ""oich"": 7000}, {""ask"": 0, ""bid"": 0, ""oi"": 3000, ""option_type"": ""PE"", ""strike_price"": 1000, ""oich"": -1000}, {""ask"": 0, ""bid"": 0, ""oi"": 257000, ""option_type"": ""PE"", ""strike_price"": 770, ""oich"": 101000}, {""ask"": 0, ""bid"": 0, ""oi"": 41000, ""option_type"": ""CE"", ""strike_price"": 800, ""oich"": 13000}, {""ask"": 0, ""bid"": 0, ""oi"": 207000, ""option_type"": ""CE"", ""strike_price"": 860, ""oich"": -69000}, {""ask"": 0, ""bid"": 0, ""oi"": 163000, ""option_type"": ""CE"", ""strike_price"": 890, ""oich"": 58000}, {""ask"": 0, ""bid"": 0, ""oi"": 140000, ""option_type"": ""PE"", ""strike_price"": 900, ""oich"": -17000}, {""ask"": 0, ""bid"": 0, ""oi"": 12000, ""option_type"": ""PE"", ""strike_price"": 700, ""oich"": 0}, {""ask"": 0, ""bid"": 0, ""oi"": 247000, ""option_type"": ""PE"", ""strike_price"": 880, ""oich"": 157000}, {""ask"": 0, ""bid"": 0, ""oi"": 116000, ""option_type"": ""PE"", ""strike_price"": 750, ""oich"": 2000}, {""ask"": 0, ""bid"": 0, ""oi"": 8000, ""option_type"": ""CE"", ""strike_price"": 750, ""oich"": 0}, {""ask"": 0, ""bid"": 0, ""oi"": 3000, ""option_type"": ""PE"", ""strike_price"": 1020, ""oich"": 1000}, {""ask"": 0, ""bid"": 0, ""oi"": 13000, ""option_type"": ""PE"", ""strike_price"": 970, ""oich"": 0}, {""ask"": 0, ""bid"": 0, ""oi"": 247000, ""option_type"": ""PE"", ""strike_price"": 780, ""oich"": 32000}, {""ask"": 0, ""bid"": 0, ""oi"": 303000, ""option_type"": ""CE"", ""strike_price"": 920, ""oich"": -9000}, {""ask"": 0, ""bid"": 0, ""oi"": 24000, ""option_type"": ""PE"", ""strike_price"": 960, ""oich"": 2000}, {""ask"": 0, ""bid"": 0, ""oi"": 21000, ""option_type"": ""PE"", ""strike_price"": 720, ""oich"": 10000}, {""ask"": 0, ""bid"": 0, ""oi"": 414000, ""option_type"": ""PE"", ""strike_price"": 760, ""oich"": -39000}, {""ask"": 0, ""bid"": 0, ""oi"": 0, ""option_type"": ""CE"", ""strike_price"": 790, ""oich"": 0}, {""ask"": 0, ""bid"": 0, ""oi"": 448000, ""option_type"": ""CE"", ""strike_price"": 960, ""oich"": -13000}, {""ask"": 0, ""bid"": 0, ""oi"": 133000, ""option_type"": ""CE"", ""strike_price"": 850, ""oich"": -29000}, {""ask"": 0, ""bid"": 0, ""oi"": 4000, ""option_type"": ""PE"", ""strike_price"": 910, ""oich"": 0}, {""ask"": 0, ""bid"": 0, ""oi"": 4000, ""option_type"": ""PE"", ""strike_price"": 980, ""oich"": 0}, {""ask"": 0, ""bid"": 0, ""oi"": 326000, ""option_type"": ""CE"", ""strike_price"": 1000, ""oich"": 79000}, {""ask"": 0, ""bid"": 0, ""oi"": 0, ""option_type"": ""CE"", ""strike_price"": 740, ""oich"": 0}, {""ask"": 0, ""bid"": 0, ""oi"": 46000, ""option_type"": ""CE"", ""strike_price"": 830, ""oich"": -1000}, {""ask"": 0, ""bid"": 0, ""oi"": 85000, ""option_type"": ""CE"", ""strike_price"": 840, ""oich"": 4000}, {""ask"": 0, ""bid"": 0, ""oi"": 162000, ""option_type"": ""PE"", ""strike_price"": 840, ""oich"": -4000}, {""ask"": 0, ""bid"": 0, ""oi"": 30000, ""option_type"": ""PE"", ""strike_price"": 740, ""oich"": 0}, {""ask"": 0, ""bid"": 0, ""oi"": 14000, ""option_type"": ""CE"", ""strike_price"": 820, ""oich"": 0}, {""ask"": 0, ""bid"": 0, ""oi"": 243000, ""option_type"": ""PE"", ""strike_price"": 850, ""oich"": -15000}, {""ask"": 0, ""bid"": 0, ""oi"": 517000, ""option_type"": ""CE"", ""strike_price"": 880, ""oich"": 115000}, {""ask"": 0, ""bid"": 0, ""oi"": 12000, ""option_type"": ""PE"", ""strike_price"": 920, ""oich"": 0}, {""ask"": 0, ""bid"": 0, ""oi"": 361000, ""option_type"": ""CE"", ""strike_price"": 930, ""oich"": 172000}, {""ask"": 0, ""bid"": 0, ""oi"": 30000, ""option_type"": ""PE"", ""strike_price"": 950, ""oich"": 0}, {""ask"": 0, ""bid"": 0, ""oi"": 184000, ""option_type"": ""CE"", ""strike_price"": 980, ""oich"": 65000}, {""ask"": 0, ""bid"": 0, ""oi"": 0, ""option_type"": ""PE"", ""strike_price"": 940, ""oich"": 0}, {""ask"": 0, ""bid"": 0, ""oi"": 1000, ""option_type"": ""CE"", ""strike_price"": 770, ""oich"": 0}, {""ask"": 0, ""bid"": 0, ""oi"": 306000, ""option_type"": ""PE"", ""strike_price"": 860, ""oich"": 97000}, {""ask"": 0, ""bid"": 0, ""oi"": 1000, ""option_type"": ""CE"", ""strike_price"": 760, ""oich"": 0}, {""ask"": 0, ""bid"": 0, ""oi"": 119000, ""option_type"": ""PE"", ""strike_price"": 830, ""oich"": -14000}, {""ask"": 0, ""bid"": 0, ""oi"": 360000, ""option_type"": ""PE"", ""strike_price"": 870, ""oich"": 171000}, {""ask"": 0, ""bid"": 0, ""oi"": 535000, ""option_type"": ""CE"", ""strike_price"": 900, ""oich"": -35000}, {""ask"": 0, ""bid"": 0, ""oi"": 224000, ""option_type"": ""CE"", ""strike_price"": 940, ""oich"": 71000}, {""ask"": 0, ""bid"": 0, ""oi"": 580000, ""option_type"": ""CE"", ""strike_price"": 950, ""oich"": -131000}, {""ask"": 0, ""bid"": 0, ""oi"": 20000, ""option_type"": ""CE"", ""strike_price"": 1020, ""oich"": 0}, {""ask"": 0, ""bid"": 0, ""oi"": 303000, ""option_type"": ""CE"", ""strike_price"": 870, ""oich"": -31000}, {""ask"": 0, ""bid"": 0, ""oi"": 3000, ""option_type"": ""PE"", ""strike_price"": 930, ""oich"": 0}, {""ask"": 0, ""bid"": 0, ""oi"": 1000, ""option_type"": ""CE"", ""strike_price"": 780, ""oich"": 0}, {""ask"": 0, ""bid"": 0, ""oi"": 560000, ""option_type"": ""PE"", ""strike_price"": 800, ""oich"": -37000}]",4037000,2026-01-02
5008000,,,"[{""ask"": 0, ""bid"": 0, ""oi"": 1000, ""option_type"": ""CE"", ""strike_price"": 780, ""oich"": 0}, {""ask"": 0, ""bid"": 0, ""oi"": 3000, ""option_type"": ""PE"", ""strike_price"": 930, ""oich"": 0}, {""ask"": 0, ""bid"": 0, ""oi"": 315000, ""option_type"": ""CE"", ""strike_price"": 920, ""oich"": 12000}, {""ask"": 0, ""bid"": 0, ""oi"": 201000, ""option_type"": ""PE"", ""strike_price"": 810, ""oich"": 1000}, {""ask"": 0, ""bid"": 0, ""oi"": 28000, ""option_type"": ""PE"", ""strike_price"": 950, ""oich"": -2000}, {""ask"": 0, ""bid"": 0, ""oi"": 62000, ""option_type"": ""PE"", ""strike_price"": 890, ""oich"": 0}, {""ask"": 0, ""bid"": 0, ""oi"": 243000, ""option_type"": ""PE"", ""strike_price"": 850, ""oich"": 0}, {""ask"": 0, ""bid"": 0, ""oi"": 115000, ""option_type"": ""PE"", ""strike_price"": 750, ""oich"": -1000}, {""ask"": 0, ""bid"": 0, ""oi"": 411000, ""option_type"": ""PE"", ""strike_price"": 760, ""oich"": -3000}, {""ask"": 0, ""bid"": 0, ""oi"": 544000, ""option_type"": ""CE"", ""strike_price"": 900, ""oich"": 9000}, {""ask"": 0, ""bid"": 0, ""oi"": 3000, ""option_type"": ""PE"", ""strike_price"": 1000, ""oich"": 0}, {""ask"": 0, ""bid"": 0, ""oi"": 0, ""option_type"": ""PE"", ""strike_price"": 940, ""oich"": 0}, {""ask"": 0, ""bid"": 0, ""oi"": 392000, ""option_type"": ""CE"", ""strike_price"": 930, ""oich"": 31000}, {""ask"": 0, ""bid"": 0, ""oi"": 237000, ""option_type"": ""CE"", ""strike_price"": 910, ""oich"": 37000}, {""ask"": 0, ""bid"": 0, ""oi"": 183000, ""option_type"": ""CE"", ""strike_price"": 890, ""oich"": 20000}, {""ask"": 0, ""bid"": 0, ""oi"": 479000, ""option_type"": ""CE"", ""strike_price"": 960, ""oich"": 31000}, {""ask"": 0, ""bid"": 0, ""oi"": 316000, ""option_type"": ""PE"", ""strike_price"": 860, ""oich"": 10000}, {""ask"": 0, ""bid"": 0, ""oi"": 328000, ""option_type"": ""CE"", ""strike_price"": 1000, ""oich"": 2000}, {""ask"": 0, ""bid"": 0, ""oi"": 24000, ""option_type"": ""PE"", ""strike_price"": 960, ""oich"": 0}, {""ask"": 0, ""bid"": 0, ""oi"": 614000, ""option_type"": ""CE"", ""strike_price"": 950, ""oich"": 34000}, {""ask"": 0, ""bid"": 0, ""oi"": 204000, ""option_type"": ""CE"", ""strike_price"": 860, ""oich"": -3000}, {""ask"": 0, ""bid"": 0, ""oi"": 58000, ""option_type"": ""CE"", ""strike_price"": 970, ""oich"": 10000}, {""ask"": 0, ""bid"": 0, ""oi"": 20000, ""option_type"": ""CE"", ""strike_price"": 1020, ""oich"": 0}, {""ask"": 0, ""bid"": 0, ""oi"": 214000, ""option_type"": ""CE"", ""strike_price"": 980, ""oich"": 30000}, {""ask"": 0, ""bid"": 0, ""oi"": 1000, ""option_type"": ""CE"", ""strike_price"": 770, ""oich"": 0}, {""ask"": 0, ""bid"": 0, ""oi"": 134000, ""option_type"": ""CE"", ""strike_price"": 850, ""oich"": 1000}, {""ask"": 0, ""bid"": 0, ""oi"": 372000, ""option_type"": ""CE"", ""strike_price"": 870, ""oich"": 69000}, {""ask"": 0, ""bid"": 0, ""oi"": 281000, ""option_type"": ""PE"", ""strike_price"": 880, ""oich"": 34000}, {""ask"": 0, ""bid"": 0, ""oi"": 3000, ""option_type"": ""PE"", ""strike_price"": 1020, ""oich"": 0}, {""ask"": 0, ""bid"": 0, ""oi"": 30000, ""option_type"": ""PE"", ""strike_price"": 740, ""oich"": 0}, {""ask"": 0, ""bid"": 0, ""oi"": 151000, ""option_type"": ""PE"", ""strike_price"": 790, ""oich"": 5000}, {""ask"": 0, ""bid"": 0, ""oi"": 230000, ""option_type"": ""CE"", ""strike_price"": 940, ""oich"": 6000}, {""ask"": 0, ""bid"": 0, ""oi"": 0, ""option_type"": ""CE"", ""strike_price"": 810, ""oich"": 0}, {""ask"": 0, ""bid"": 0, ""oi"": 8000, ""option_type"": ""CE"", ""strike_price"": 750, ""oich"": 0}, {""ask"": 0, ""bid"": 0, ""oi"": 11000, ""option_type"": ""PE"", ""strike_price"": 700, ""oich"": -1000}, {""ask"": 0, ""bid"": 0, ""oi"": 74000, ""option_type"": ""CE"", ""strike_price"": 840, ""oich"": -11000}, {""ask"": 0, ""bid"": 0, ""oi"": 12000, ""option_type"": ""CE"", ""strike_price"": 820, ""oich"": -2000}, {""ask"": 0, ""bid"": 0, ""oi"": 639000, ""option_type"": ""PE"", ""strike_price"": 800, ""oich"": 79000}, {""ask"": 0, ""bid"": 0, ""oi"": 38000, ""option_type"": ""CE"", ""strike_price"": 800, ""oich"": -3000}, {""ask"": 0, ""bid"": 0, ""oi"": 0, ""option_type"": ""CE"", ""strike_price"": 720, ""oich"": 0}, {""ask"": 0, ""bid"": 0, ""oi"": 4000, ""option_type"": ""PE"", ""strike_price"": 980, ""oich"": 0}, {""ask"": 0, ""bid"": 0, ""oi"": 342000, ""option_type"": ""PE"", ""strike_price"": 870, ""oich"": -18000}, {""ask"": 0, ""bid"": 0, ""oi"": 0, ""option_type"": ""CE"", ""strike_price"": 740, ""oich"": 0}, {""ask"": 0, ""bid"": 0, ""oi"": 23000, ""option_type"": ""PE"", ""strike_price"": 720, ""oich"": 2000}, {""ask"": 0, ""bid"": 0, ""oi"": 257000, ""option_type"": ""PE"", ""strike_price"": 770, ""oich"": 0}, {""ask"": 0, ""bid"": 0, ""oi"": 187000, ""option_type"": ""PE"", ""strike_price"": 830, ""oich"": 68000}, {""ask"": 0, ""bid"": 0, ""oi"": 137000, ""option_type"": ""PE"", ""strike_price"": 900, ""oich"": -3000}, {""ask"": 0, ""bid"": 0, ""oi"": 153000, ""option_type"": ""PE"", ""strike_price"": 840, ""oich"": -9000}, {""ask"": 0, ""bid"": 0, ""oi"": 310000, ""option_type"": ""PE"", ""strike_price"": 820, ""oich"": 11000}, {""ask"": 0, ""bid"": 0, ""oi"": 0, ""option_type"": ""CE"", ""strike_price"": 790, ""oich"": 0}, {""ask"": 0, ""bid"": 0, ""oi"": 1000, ""option_type"": ""CE"", ""strike_price"": 760, ""oich"": 0}, {""ask"": 0, ""bid"": 0, ""oi"": 504000, ""option_type"": ""CE"", ""strike_price"": 880, ""oich"": -13000}, {""ask"": 0, ""bid"": 0, ""oi"": 9000, ""option_type"": ""PE"", ""strike_price"": 920, ""oich"": -3000}, {""ask"": 0, ""bid"": 0, ""oi"": 13000, ""option_type"": ""PE"", ""strike_price"": 970, ""oich"": 0}, {""ask"": 0, ""bid"": 0, ""oi"": 4000, ""option_type"": ""PE"", ""strike_price"": 910, ""oich"": 0}, {""ask"": 0, ""bid"": 0, ""oi"": 45000, ""option_type"": ""CE"", ""strike_price"": 830, ""oich"": -1000}, {""ask"": 0, ""bid"": 0, ""oi"": 302000, ""option_type"": ""PE"", ""strike_price"": 780, ""oich"": 55000}]",4262000,2026-01-05
5671000,,,"[{""ask"": 0, ""bid"": 0, ""oi"": 122000, ""option_type"": ""CE"", ""strike_price"": 970, ""oich"": 64000}, {""ask"": 0, ""bid"": 0, ""oi"": 198000, ""option_type"": ""CE"", ""strike_price"": 870, ""oich"": -174000}, {""ask"": 0, ""bid"": 0, ""oi"": 117000, ""option_type"": ""CE"", ""strike_price"": 850, ""oich"": -17000}, {""ask"": 0, ""bid"": 0, ""oi"": 317000, ""option_type"": ""CE"", ""strike_price"": 980, ""oich"": 103000}, {""ask"": 0, ""bid"": 0, ""oi"": 1000, ""option_type"": ""CE"", ""strike_price"": 770, ""oich"": 0}, {""ask"": 0, ""bid"": 0, ""oi"": 128000, ""option_type"": ""CE"", ""strike_price"": 1020, ""oich"": 108000}, {""ask"": 0, ""bid"": 0, ""oi"": 340000, ""option_type"": ""PE"", ""strike_price"": 880, ""oich"": 59000}, {""ask"": 0, ""bid"": 0, ""oi"": 23000, ""option_type"": ""PE"", ""strike_price"": 720, ""oich"": 0}, {""ask"": 0, ""bid"": 0, ""oi"": 0, ""option_type"": ""CE"", ""strike_price"": 740, ""oich"": 0}, {""ask"": 0, ""bid"": 0, ""oi"": 217000, ""option_type"": ""PE"", ""strike_price"": 770, ""oich"": -40000}, {""ask"": 0, ""bid"": 0, ""oi"": 252000, ""option_type"": ""PE"", ""strike_price"": 830, ""oich"": 65000}, {""ask"": 0, ""bid"": 0, ""oi"": 357000, ""option_type"": ""PE"", ""strike_price"": 870, ""oich"": 15000}, {""ask"": 0, ""bid"": 0, ""oi"": 4000, ""option_type"": ""PE"", ""strike_price"": 980, ""oich"": 0}, {""ask"": 0, ""bid"": 0, ""oi"": 503000, ""option_type"": ""CE"", ""strike_price"": 1000, ""oich"": 175000}, {""ask"": 0, ""bid"": 0, ""oi"": 22000, ""option_type"": ""PE"", ""strike_price"": 960, ""oich"": -2000}, {""ask"": 0, ""bid"": 0, ""oi"": 653000, ""option_type"": ""CE"", ""strike_price"": 950, ""oich"": 39000}, {""ask"": 0, ""bid"": 0, ""oi"": 154000, ""option_type"": ""CE"", ""strike_price"": 860, ""oich"": -50000}, {""ask"": 0, ""bid"": 0, ""oi"": 1000, ""option_type"": ""CE"", ""strike_price"": 780, ""oich"": 0}, {""ask"": 0, ""bid"": 0, ""oi"": 170000, ""option_type"": ""PE"", ""strike_price"": 810, ""oich"": -31000}, {""ask"": 0, ""bid"": 0, ""oi"": 537000, ""option_type"": ""CE"", ""strike_price"": 920, ""oich"": 222000}, {""ask"": 0, ""bid"": 0, ""oi"": 10000, ""option_type"": ""PE"", ""strike_price"": 930, ""oich"": 7000}, {""ask"": 0, ""bid"": 0, ""oi"": 215000, ""option_type"": ""PE"", ""strike_price"": 900, ""oich"": 78000}, {""ask"": 0, ""bid"": 0, ""oi"": 24000, ""option_type"": ""PE"", ""strike_price"": 920, ""oich"": 15000}, {""ask"": 0, ""bid"": 0, ""oi"": 1000, ""option_type"": ""CE"", ""strike_price"": 760, ""oich"": 0}, {""ask"": 0, ""bid"": 0, ""oi"": 0, ""option_type"": ""CE"", ""strike_price"": 790, ""oich"": 0}, {""ask"": 0, ""bid"": 0, ""oi"": 267000, ""option_type"": ""PE"", ""strike_price"": 820, ""oich"": -43000}, {""ask"": 0, ""bid"": 0, ""oi"": 194000, ""option_type"": ""PE"", ""strike_price"": 840, ""oich"": 41000}, {""ask"": 0, ""bid"": 0, ""oi"": 412000, ""option_type"": ""CE"", ""strike_price"": 880, ""oich"": -92000}, {""ask"": 0, ""bid"": 0, ""oi"": 3000, ""option_type"": ""PE"", ""strike_price"": 1020, ""oich"": 0}, {""ask"": 0, ""bid"": 0, ""oi"": 30000, ""option_type"": ""PE"", ""strike_price"": 740, ""oich"": 0}, {""ask"": 0, ""bid"": 0, ""oi"": 301000, ""option_type"": ""PE"", ""strike_price"": 860, ""oich"": -15000}, {""ask"": 0, ""bid"": 0, ""oi"": 190000, ""option_type"": ""CE"", ""strike_price"": 890, ""oich"": 7000}, {""ask"": 0, ""bid"": 0, ""oi"": 680000, ""option_type"": ""CE"", ""strike_price"": 960, ""oich"": 201000}, {""ask"": 0, ""bid"": 0, ""oi"": 0, ""option_type"": ""CE"", ""strike_price"": 720, ""oich"": 0}, {""ask"": 0, ""bid"": 0, ""oi"": 42000, ""option_type"": ""CE"", ""strike_price"": 800, ""oich"": 4000}, {""ask"": 0, ""bid"": 0, ""oi"": 653000, ""option_type"": ""PE"", ""strike_price"": 800, ""oich"": 14000}, {""ask"": 0, ""bid"": 0, ""oi"": 11000, ""option_type"": ""CE"", ""strike_price"": 820, ""oich"": -1000}, {""ask"": 0, ""bid"": 0, ""oi"": 61000, ""option_type"": ""CE"", ""strike_price"": 840, ""oich"": -13000}, {""ask"": 0, ""bid"": 0, ""oi"": 370000, ""option_type"": ""PE"", ""strike_price"": 760, ""oich"": -41000}, {""ask"": 0, ""bid"": 0, ""oi"": 337000, ""option_type"": ""PE"", ""strike_price"": 850, ""oich"": 94000}, {""ask"": 0, ""bid"": 0, ""oi"": 140000, ""option_type"": ""PE"", ""strike_price"": 890, ""oich"": 78000}, {""ask"": 0, ""bid"": 0, ""oi"": 713000, ""option_type"": ""CE"", ""strike_price"": 900, ""oich"": 169000}, {""ask"": 0, ""bid"": 0, ""oi"": 52000, ""option_type"": ""PE"", ""strike_price"": 950, ""oich"": 24000}, {""ask"": 0, ""bid"": 0, ""oi"": 107000, ""option_type"": ""PE"", ""strike_price"": 750, ""oich"": -8000}, {""ask"": 0, ""bid"": 0, ""oi"": 23000, ""option_type"": ""PE"", ""strike_price"": 970, ""oich"": 10000}, {""ask"": 0, ""bid"": 0, ""oi"": 31000, ""option_type"": ""PE"", ""strike_price"": 910, ""oich"": 27000}, {""ask"": 0, ""bid"": 0, ""oi"": 46000, ""option_type"": ""CE"", ""strike_price"": 830, ""oich"": 1000}, {""ask"": 0, ""bid"": 0, ""oi"": 229000, ""option_type"": ""PE"", ""strike_price"": 780, ""oich"": -73000}, {""ask"": 0, ""bid"": 0, ""oi"": 228000, ""option_type"": ""CE"", ""strike_price"": 930, ""oich"": -164000}, {""ask"": 0, ""bid"": 0, ""oi"": 278000, ""option_type"": ""CE"", ""strike_price"": 910, ""oich"": 41000}, {""ask"": 0, ""bid"": 0, ""oi"": 3000, ""option_type"": ""PE"", ""strike_price"": 1000, ""oich"": 0}, {""ask"": 0, ""bid"": 0, ""oi"": 1000, ""option_type"": ""PE"", ""strike_price"": 940, ""oich"": 1000}, {""ask"": 0, ""bid"": 0, ""oi"": 270000, ""option_type"": ""CE"", ""strike_price"": 940, ""oich"": 40000}, {""ask"": 0, ""bid"": 0, ""oi"": 0, ""option_type"": ""CE"", ""strike_price"": 810, ""oich"": 0}, {""ask"": 0, ""bid"": 0, ""oi"": 13000, ""option_type"": ""PE"", ""strike_price"": 700, ""oich"": 2000}, {""ask"": 0, ""bid"": 0, ""oi"": 8000, ""option_type"": ""CE"", ""strike_price"": 750, ""oich"": 0}, {""ask"": 0, ""bid"": 0, ""oi"": 130000, ""option_type"": ""PE"", ""strike_price"": 790, ""oich"": -21000}]",4518000,2026-01-06
6296000,,,"[{""ask"": 0, ""bid"": 0, ""oi"": 52000, ""option_type"": ""PE"", ""strike_price"": 950, ""oich"": 0}, {""ask"": 0, ""bid"": 0, ""oi"": 0, ""option_type"": ""PE"", ""strike_price"": 990, ""oich"": 0}, {""ask"": 0, ""bid"": 0, ""oi"": 257000, ""option_type"": ""PE"", ""strike_price"": 850, ""oich"": -80000}, {""ask"": 0, ""bid"": 0, ""oi"": 101000, ""option_type"": ""PE"", ""strike_price"": 750, ""oich"": -6000}, {""ask"": 0, ""bid"": 0, ""oi"": 341000, ""option_type"": ""PE"", ""strike_price"": 760, ""oich"": -29000}, {""ask"": 0, ""bid"": 0, ""oi"": 108000, ""option_type"": ""PE"", ""strike_price"": 890, ""oich"": -32000}, {""ask"": 0, ""bid"": 0, ""oi"": 212000, ""option_type"": ""PE"", ""strike_price"": 840, ""oich"": 18000}, {""ask"": 0, ""bid"": 0, ""oi"": 1000, ""option_type"": ""CE"", ""strike_price"": 760, ""oich"": 0}, {""ask"": 0, ""bid"": 0, ""oi"": 0, ""option_type"": ""CE"", ""strike_price"": 790, ""oich"": 0}, {""ask"": 0, ""bid"": 0, ""oi"": 348000, ""option_type"": ""PE"", ""strike_price"": 820, ""oich"": 81000}, {""ask"": 0, ""bid"": 0, ""oi"": 407000, ""option_type"": ""CE"", ""strike_price"": 880, ""oich"": -5000}, {""ask"": 0, ""bid"": 0, ""oi"": 241000, ""option_type"": ""PE"", ""strike_price"": 900, ""oich"": 26000}, {""ask"": 0, ""bid"": 0, ""oi"": 26000, ""option_type"": ""PE"", ""strike_price"": 920, ""oich"": 2000}, {""ask"": 0, ""bid"": 0, ""oi"": 0, ""option_type"": ""PE"", ""strike_price"": 1040, ""oich"": 0}, {""ask"": 0, ""bid"": 0, ""oi"": 13000, ""option_type"": ""PE"", ""strike_price"": 700, ""oich"": 0}, {""ask"": 0, ""bid"": 0, ""oi"": 8000, ""option_type"": ""CE"", ""strike_price"": 750, ""oich"": 0}, {""ask"": 0, ""bid"": 0, ""oi"": 144000, ""option_type"": ""PE"", ""strike_price"": 790, ""oich"": 14000}, {""ask"": 0, ""bid"": 0, ""oi"": 0, ""option_type"": ""CE"", ""strike_price"": 810, ""oich"": 0}, {""ask"": 0, ""bid"": 0, ""oi"": 351000, ""option_type"": ""CE"", ""strike_price"": 940, ""oich"": 81000}, {""ask"": 0, ""bid"": 0, ""oi"": 0, ""option_type"": ""CE"", ""strike_price"": 1040, ""oich"": 0}, {""ask"": 0, ""bid"": 0, ""oi"": 330000, ""option_type"": ""PE"", ""strike_price"": 860, ""oich"": 29000}, {""ask"": 0, ""bid"": 0, ""oi"": 317000, ""option_type"": ""CE"", ""strike_price"": 890, ""oich"": 127000}, {""ask"": 0, ""bid"": 0, ""oi"": 709000, ""option_type"": ""CE"", ""strike_price"": 960, ""oich"": 29000}, {""ask"": 0, ""bid"": 0, ""oi"": 23000, ""option_type"": ""PE"", ""strike_price"": 720, ""oich"": 0}, {""ask"": 0, ""bid"": 0, ""oi"": 0, ""option_type"": ""CE"", ""strike_price"": 740, ""oich"": 0}, {""ask"": 0, ""bid"": 0, ""oi"": 237000, ""option_type"": ""PE"", ""strike_price"": 770, ""oich"": 20000}, {""ask"": 0, ""bid"": 0, ""oi"": 306000, ""option_type"": ""PE"", ""strike_price"": 830, ""oich"": 54000}, {""ask"": 0, ""bid"": 0, ""oi"": 299000, ""option_type"": ""PE"", ""strike_price"": 870, ""oich"": -58000}, {""ask"": 0, ""bid"": 0, ""oi"": 4000, ""option_type"": ""PE"", ""strike_price"": 980, ""oich"": 0}, {""ask"": 0, ""bid"": 0, ""oi"": 11000, ""option_type"": ""CE"", ""strike_price"": 820, ""oich"": 0}, {""ask"": 0, ""bid"": 0, ""oi"": 811000, ""option_type"": ""PE"", ""strike_price"": 800, ""oich"": 158000}, {""ask"": 0, ""bid"": 0, ""oi"": 42000, ""option_type"": ""CE"", ""strike_price"": 800, ""oich"": 0}, {""ask"": 0, ""bid"": 0, ""oi"": 0, ""option_type"": ""CE"", ""strike_price"": 720, ""oich"": 0}, {""ask"": 0, ""bid"": 0, ""oi"": 58000, ""option_type"": ""CE"", ""strike_price"": 840, ""oich"": -3000}, {""ask"": 0, ""bid"": 0, ""oi"": 1000, ""option_type"": ""CE"", ""strike_price"": 780, ""oich"": 0}, {""ask"": 0, ""bid"": 0, ""oi"": 10000, ""option_type"": ""PE"", ""strike_price"": 930, ""oich"": 0}, {""ask"": 0, ""bid"": 0, ""oi"": 482000, ""option_type"": ""CE"", ""strike_price"": 920, ""oich"": -55000}, {""ask"": 0, ""bid"": 0, ""oi"": 201000, ""option_type"": ""PE"", ""strike_price"": 810, ""oich"": 31000}, {""ask"": 0, ""bid"": 0, ""oi"": 45000, ""option_type"": ""CE"", ""strike_price"": 830, ""oich"": -1000}, {""ask"": 0, ""bid"": 0, ""oi"": 221000, ""option_type"": ""PE"", ""strike_price"": 780, ""oich"": -8000}, {""ask"": 0, ""bid"": 0, ""oi"": 31000, ""option_type"": ""PE"", ""strike_price"": 910, ""oich"": 0}, {""ask"": 0, ""bid"": 0, ""oi"": 23000, ""option_type"": ""PE"", ""strike_price"": 970, ""oich"": 0}, {""ask"": 0, ""bid"": 0, ""oi"": 283000, ""option_type"": ""CE"", ""strike_price"": 910, ""oich"": 5000}, {""ask"": 0, ""bid"": 0, ""oi"": 3000, ""option_type"": ""PE"", ""strike_price"": 1000, ""oich"": 0}, {""ask"": 0, ""bid"": 0, ""oi"": 5000, ""option_type"": ""PE"", ""strike_price"": 940, ""oich"": 4000}, {""ask"": 0, ""bid"": 0, ""oi"": 246000, ""option_type"": ""CE"", ""strike_price"": 930, ""oich"": 18000}, {""ask"": 0, ""bid"": 0, ""oi"": 2000, ""option_type"": ""PE"", ""strike_price"": 1020, ""oich"": -1000}, {""ask"": 0, ""bid"": 0, ""oi"": 33000, ""option_type"": ""CE"", ""strike_price"": 990, ""oich"": 33000}, {""ask"": 0, ""bid"": 0, ""oi"": 30000, ""option_type"": ""PE"", ""strike_price"": 740, ""oich"": 0}, {""ask"": 0, ""bid"": 0, ""oi"": 565000, ""option_type"": ""CE"", ""strike_price"": 1000, ""oich"": 62000}, {""ask"": 0, ""bid"": 0, ""oi"": 23000, ""option_type"": ""PE"", ""strike_price"": 960, ""oich"": 1000}, {""ask"": 0, ""bid"": 0, ""oi"": 773000, ""option_type"": ""CE"", ""strike_price"": 950, ""oich"": 120000}, {""ask"": 0, ""bid"": 0, ""oi"": 130000, ""option_type"": ""CE"", ""strike_price"": 860, ""oich"": -24000}, {""ask"": 0, ""bid"": 0, ""oi"": 129000, ""option_type"": ""CE"", ""strike_price"": 850, ""oich"": 12000}, {""ask"": 0, ""bid"": 0, ""oi"": 195000, ""option_type"": ""CE"", ""strike_price"": 870, ""oich"": -3000}, {""ask"": 0, ""bid"": 0, ""oi"": 304000, ""option_type"": ""PE"", ""strike_price"": 880, ""oich"": -36000}, {""ask"": 0, ""bid"": 0, ""oi"": 120000, ""option_type"": ""CE"", ""strike_price"": 970, ""oich"": -2000}, {""ask"": 0, ""bid"": 0, ""oi"": 292000, ""option_type"": ""CE"", ""strike_price"": 980, ""oich"": -25000}, {""ask"": 0, ""bid"": 0, ""oi"": 165000, ""option_type"": ""CE"", ""strike_price"": 1020, ""oich"": 37000}, {""ask"": 0, ""bid"": 0, ""oi"": 2000, ""option_type"": ""CE"", ""strike_price"": 770, ""oich"": 1000}, {""ask"": 0, ""bid"": 0, ""oi"": 931000, ""option_type"": ""CE"", ""strike_price"": 900, ""oich"": 218000}]",4706000,2026-01-07
6604000,,,"[{""ask"": 0, ""bid"": 0, ""oi"": 128000, ""option_type"": ""CE"", ""strike_price"": 970, ""oich"": 8000}, {""ask"": 0, ""bid"": 0, ""oi"": 191000, ""option_type"": ""CE"", ""strike_price"": 1020, ""oich"": 26000}, {""ask"": 0, ""bid"": 0, ""oi"": 9000, ""option_type"": ""CE"", ""strike_price"": 1040, ""oich"": 9000}, {""ask"": 0, ""bid"": 0, ""oi"": 411000, ""option_type"": ""CE"", ""strike_price"": 940, ""oich"": 60000}, {""ask"": 0, ""bid"": 0, ""oi"": 153000, ""option_type"": ""PE"", ""strike_price"": 790, ""oich"": 9000}, {""ask"": 0, ""bid"": 0, ""oi"": 8000, ""option_type"": ""CE"", ""strike_price"": 750, ""oich"": 0}, {""ask"": 0, ""bid"": 0, ""oi"": 13000, ""option_type"": ""PE"", ""strike_price"": 700, ""oich"": 0}, {""ask"": 0, ""bid"": 0, ""oi"": 0, ""option_type"": ""CE"", ""strike_price"": 810, ""oich"": 0}, {""ask"": 0, ""bid"": 0, ""oi"": 242000, ""option_type"": ""PE"", ""strike_price"": 900, ""oich"": 1000}, {""ask"": 0, ""bid"": 0, ""oi"": 34000, ""option_type"": ""PE"", ""strike_price"": 920, ""oich"": 8000}, {""ask"": 0, ""bid"": 0, ""oi"": 0, ""option_type"": ""PE"", ""strike_price"": 1040, ""oich"": 0}, {""ask"": 0, ""bid"": 0, ""oi"": 393000, ""option_type"": ""PE"", ""strike_price"": 820, ""oich"": 45000}, {""ask"": 0, ""bid"": 0, ""oi"": 264000, ""option_type"": ""PE"", ""strike_price"": 840, ""oich"": 52000}, {""ask"": 0, ""bid"": 0, ""oi"": 1000, ""option_type"": ""CE"", ""strike_price"": 760, ""oich"": 0}, {""ask"": 0, ""bid"": 0, ""oi"": 0, ""option_type"": ""CE"", ""strike_price"": 790, ""oich"": 0}, {""ask"": 0, ""bid"": 0, ""oi"": 467000, ""option_type"": ""CE"", ""strike_price"": 880, ""oich"": 60000}, {""ask"": 0, ""bid"": 0, ""oi"": 559000, ""option_type"": ""CE"", ""strike_price"": 1000, ""oich"": -6000}, {""ask"": 0, ""bid"": 0, ""oi"": 23000, ""option_type"": ""PE"", ""strike_price"": 960, ""oich"": 0}, {""ask"": 0, ""bid"": 0, ""oi"": 744000, ""option_type"": ""CE"", ""strike_price"": 950, ""oich"": -29000}, {""ask"": 0, ""bid"": 0, ""oi"": 137000, ""option_type"": ""CE"", ""strike_price"": 860, ""oich"": 7000}, {""ask"": 0, ""bid"": 0, ""oi"": 680000, ""option_type"": ""CE"", ""strike_price"": 960, ""oich"": -29000}, {""ask"": 0, ""bid"": 0, ""oi"": 242000, ""option_type"": ""CE"", ""strike_price"": 890, ""oich"": -75000}, {""ask"": 0, ""bid"": 0, ""oi"": 295000, ""option_type"": ""PE"", ""strike_price"": 860, ""oich"": -35000}, {""ask"": 0, ""bid"": 0, ""oi"": 0, ""option_type"": ""PE"", ""strike_price"": 990, ""oich"": 0}, {""ask"": 0, ""bid"": 0, ""oi"": 52000, ""option_type"": ""PE"", ""strike_price"": 950, ""oich"": 0}, {""ask"": 0, ""bid"": 0, ""oi"": 1029000, ""option_type"": ""CE"", ""strike_price"": 900, ""oich"": 98000}, {""ask"": 0, ""bid"": 0, ""oi"": 115000, ""option_type"": ""PE"", ""strike_price"": 890, ""oich"": 7000}, {""ask"": 0, ""bid"": 0, ""oi"": 270000, ""option_type"": ""PE"", ""strike_price"": 850, ""oich"": 13000}, {""ask"": 0, ""bid"": 0, ""oi"": 330000, ""option_type"": ""PE"", ""strike_price"": 760, ""oich"": -11000}, {""ask"": 0, ""bid"": 0, ""oi"": 102000, ""option_type"": ""PE"", ""strike_price"": 750, ""oich"": 1000}, {""ask"": 0, ""bid"": 0, ""oi"": 1000, ""option_type"": ""CE"", ""strike_price"": 780, ""oich"": 0}, {""ask"": 0, ""bid"": 0, ""oi"": 213000, ""option_type"": ""PE"", ""strike_price"": 810, ""oich"": 12000}, {""ask"": 0, ""bid"": 0, ""oi"": 495000, ""option_type"": ""CE"", ""strike_price"": 920, ""oich"": 13000}, {""ask"": 0, ""bid"": 0, ""oi"": 10000, ""option_type"": ""PE"", ""strike_price"": 930, ""oich"": 0}, {""ask"": 0, ""bid"": 0, ""oi"": 2000, ""option_type"": ""PE"", ""strike_price"": 1020, ""oich"": 0}, {""ask"": 0, ""bid"": 0, ""oi"": 39000, ""option_type"": ""CE"", ""strike_price"": 990, ""oich"": 6000}, {""ask"": 0, ""bid"": 0, ""oi"": 30000, ""option_type"": ""PE"", ""strike_price"": 740, ""oich"": 0}, {""ask"": 0, ""bid"": 0, ""oi"": 42000, ""option_type"": ""CE"", ""strike_price"": 800, ""oich"": 0}, {""ask"": 0, ""bid"": 0, ""oi"": 0, ""option_type"": ""CE"", ""strike_price"": 720, ""oich"": 0}, {""ask"": 0, ""bid"": 0, ""oi"": 11000, ""option_type"": ""CE"", ""strike_price"": 820, ""oich"": 0}, {""ask"": 0, ""bid"": 0, ""oi"": 65000, ""option_type"": ""CE"", ""strike_price"": 840, ""oich"": 7000}, {""ask"": 0, ""bid"": 0, ""oi"": 819000, ""option_type"": ""PE"", ""strike_price"": 800, ""oich"": 8000}, {""ask"": 0, ""bid"": 0, ""oi"": 238000, ""option_type"": ""PE"", ""strike_price"": 770, ""oich"": 1000}, {""ask"": 0, ""bid"": 0, ""oi"": 0, ""option_type"": ""CE"", ""strike_price"": 740, ""oich"": 0}, {""ask"": 0, ""bid"": 0, ""oi"": 23000, ""option_type"": ""PE"", ""strike_price"": 720, ""oich"": 0}, {""ask"": 0, ""bid"": 0, ""oi"": 355000, ""option_type"": ""PE"", ""strike_price"": 830, ""oich"": 49000}, {""ask"": 0, ""bid"": 0, ""oi"": 300000, ""option_type"": ""PE"", ""strike_price"": 870, ""oich"": 1000}, {""ask"": 0, ""bid"": 0, ""oi"": 4000, ""option_type"": ""PE"", ""strike_price"": 980, ""oich"": 0}, {""ask"": 0, ""bid"": 0, ""oi"": 23000, ""option_type"": ""PE"", ""strike_price"": 970, ""oich"": 0}, {""ask"": 0, ""bid"": 0, ""oi"": 31000, ""option_type"": ""PE"", ""strike_price"": 910, ""oich"": 0}, {""ask"": 0, ""bid"": 0, ""oi"": 223000, ""option_type"": ""PE"", ""strike_price"": 780, ""oich"": 2000}, {""ask"": 0, ""bid"": 0, ""oi"": 39000, ""option_type"": ""CE"", ""strike_price"": 830, ""oich"": -6000}, {""ask"": 0, ""bid"": 0, ""oi"": 3000, ""option_type"": ""PE"", ""strike_price"": 1000, ""oich"": 0}, {""ask"": 0, ""bid"": 0, ""oi"": 5000, ""option_type"": ""PE"", ""strike_price"": 940, ""oich"": 0}, {""ask"": 0, ""bid"": 0, ""oi"": 270000, ""option_type"": ""CE"", ""strike_price"": 930, ""oich"": 24000}, {""ask"": 0, ""bid"": 0, ""oi"": 302000, ""option_type"": ""CE"", ""strike_price"": 910, ""oich"": 19000}, {""ask"": 0, ""bid"": 0, ""oi"": 330000, ""option_type"": ""CE"", ""strike_price"": 980, ""oich"": 38000}, {""ask"": 0, ""bid"": 0, ""oi"": 280000, ""option_type"": ""PE"", ""strike_price"": 880, ""oich"": -24000}, {""ask"": 0, ""bid"": 0, ""oi"": 243000, ""option_type"": ""CE"", ""strike_price"": 870, ""oich"": 48000}, {""ask"": 0, ""bid"": 0, ""oi"": 159000, ""option_type"": ""CE"", ""strike_price"": 850, ""oich"": 30000}, {""ask"": 0, ""bid"": 0, ""oi"": 2000, ""option_type"": ""CE"", ""strike_price"": 770, ""oich"": 0}]",4845000,2026-01-08
6614000,,,"[{""ask"": 0, ""bid"": 0, ""oi"": 2000, ""option_type"": ""PE"", ""strike_price"": 1020, ""oich"": 0}, {""ask"": 0, ""bid"": 0, ""oi"": 39000, ""option_type"": ""CE"", ""strike_price"": 990, ""oich"": 0}, {""ask"": 0, ""bid"": 0, ""oi"": 30000, ""option_type"": ""PE"", ""strike_price"": 740, ""oich"": 0}, {""ask"": 0, ""bid"": 0, ""oi"": 602000, ""option_type"": ""CE"", ""strike_price"": 960, ""oich"": -78000}, {""ask"": 0, ""bid"": 0, ""oi"": 231000, ""option_type"": ""CE"", ""strike_price"": 890, ""oich"": -11000}, {""ask"": 0, ""bid"": 0, ""oi"": 280000, ""option_type"": ""PE"", ""strike_price"": 860, ""oich"": -15000}, {""ask"": 0, ""bid"": 0, ""oi"": 319000, ""option_type"": ""CE"", ""strike_price"": 910, ""oich"": 17000}, {""ask"": 0, ""bid"": 0, ""oi"": 270000, ""option_type"": ""CE"", ""strike_price"": 930, ""oich"": 0}, {""ask"": 0, ""bid"": 0, ""oi"": 5000, ""option_type"": ""PE"", ""strike_price"": 940, ""oich"": 0}, {""ask"": 0, ""bid"": 0, ""oi"": 3000, ""option_type"": ""PE"", ""strike_price"": 1000, ""oich"": 0}, {""ask"": 0, ""bid"": 0, ""oi"": 163000, ""option_type"": ""CE"", ""strike_price"": 1020, ""oich"": -28000}, {""ask"": 0, ""bid"": 0, ""oi"": 131000, ""option_type"": ""CE"", ""strike_price"": 970, ""oich"": 3000}, {""ask"": 0, ""bid"": 0, ""oi"": 2000, ""option_type"": ""CE"", ""strike_price"": 770, ""oich"": 0}, {""ask"": 0, ""bid"": 0, ""oi"": 306000, ""option_type"": ""CE"", ""strike_price"": 980, ""oich"": -24000}, {""ask"": 0, ""bid"": 0, ""oi"": 191000, ""option_type"": ""CE"", ""strike_price"": 850, ""oich"": 32000}, {""ask"": 0, ""bid"": 0, ""oi"": 270000, ""option_type"": ""CE"", ""strike_price"": 870, ""oich"": 27000}, {""ask"": 0, ""bid"": 0, ""oi"": 300000, ""option_type"": ""PE"", ""strike_price"": 880, ""oich"": 20000}, {""ask"": 0, ""bid"": 0, ""oi"": 152000, ""option_type"": ""CE"", ""strike_price"": 860, ""oich"": 15000}, {""ask"": 0, ""bid"": 0, ""oi"": 732000, ""option_type"": ""CE"", ""strike_price"": 950, ""oich"": -12000}, {""ask"": 0, ""bid"": 0, ""oi"": 23000, ""option_type"": ""PE"", ""strike_price"": 960, ""oich"": 0}, {""ask"": 0, ""bid"": 0, ""oi"": 549000, ""option_type"": ""CE"", ""strike_price"": 1000, ""oich"": -10000}, {""ask"": 0, ""bid"": 0, ""oi"": 1000, ""option_type"": ""CE"", ""strike_price"": 760, ""oich"": 0}, {""ask"": 0, ""bid"": 0, ""oi"": 0, ""option_type"": ""CE"", ""strike_price"": 790, ""oich"": 0}, {""ask"": 0, ""bid"": 0, ""oi"": 407000, ""option_type"": ""PE"", ""strike_price"": 820, ""oich"": 14000}, {""ask"": 0, ""bid"": 0, ""oi"": 309000, ""option_type"": ""PE"", ""strike_price"": 840, ""oich"": 45000}, {""ask"": 0, ""bid"": 0, ""oi"": 494000, ""option_type"": ""CE"", ""strike_price"": 880, ""oich"": 27000}, {""ask"": 0, ""bid"": 0, ""oi"": 249000, ""option_type"": ""PE"", ""strike_price"": 900, ""oich"": 7000}, {""ask"": 0, ""bid"": 0, ""oi"": 34000, ""option_type"": ""PE"", ""strike_price"": 920, ""oich"": 0}, {""ask"": 0, ""bid"": 0, ""oi"": 0, ""option_type"": ""PE"", ""strike_price"": 1040, ""oich"": 0}, {""ask"": 0, ""bid"": 0, ""oi"": 22000, ""option_type"": ""PE"", ""strike_price"": 700, ""oich"": 9000}, {""ask"": 0, ""bid"": 0, ""oi"": 8000, ""option_type"": ""CE"", ""strike_price"": 750, ""oich"": 0}, {""ask"": 0, ""bid"": 0, ""oi"": 157000, ""option_type"": ""PE"", ""strike_price"": 790, ""oich"": 4000}, {""ask"": 0, ""bid"": 0, ""oi"": 0, ""option_type"": ""CE"", ""strike_price"": 810, ""oich"": 0}, {""ask"": 0, ""bid"": 0, ""oi"": 413000, ""option_type"": ""CE"", ""strike_price"": 940, ""oich"": 2000}, {""ask"": 0, ""bid"": 0, ""oi"": 9000, ""option_type"": ""CE"", ""strike_price"": 1040, ""oich"": 0}, {""ask"": 0, ""bid"": 0, ""oi"": 23000, ""option_type"": ""PE"", ""strike_price"": 720, ""oich"": 0}, {""ask"": 0, ""bid"": 0, ""oi"": 0, ""option_type"": ""CE"", ""strike_price"": 740, ""oich"": 0}, {""ask"": 0, ""bid"": 0, ""oi"": 342000, ""option_type"": ""PE"", ""strike_price"": 830, ""oich"": -13000}, {""ask"": 0, ""bid"": 0, ""oi"": 4000, ""option_type"": ""PE"", ""strike_price"": 980, ""oich"": 0}, {""ask"": 0, ""bid"": 0, ""oi"": 260000, ""option_type"": ""PE"", ""strike_price"": 870, ""oich"": -40000}, {""ask"": 0, ""bid"": 0, ""oi"": 239000, ""option_type"": ""PE"", ""strike_price"": 770, ""oich"": 1000}, {""ask"": 0, ""bid"": 0, ""oi"": 69000, ""option_type"": ""CE"", ""strike_price"": 840, ""oich"": 4000}, {""ask"": 0, ""bid"": 0, ""oi"": 16000, ""option_type"": ""CE"", ""strike_price"": 820, ""oich"": 5000}, {""ask"": 0, ""bid"": 0, ""oi"": 880000, ""option_type"": ""PE"", ""strike_price"": 800, ""oich"": 61000}, {""ask"": 0, ""bid"": 0, ""oi"": 42000, ""option_type"": ""CE"", ""strike_price"": 800, ""oich"": 0}, {""ask"": 0, ""bid"": 0, ""oi"": 0, ""option_type"": ""CE"", ""strike_price"": 720, ""oich"": 0}, {""ask"": 0, ""bid"": 0, ""oi"": 52000, ""option_type"": ""PE"", ""strike_price"": 950, ""oich"": 0}, {""ask"": 0, ""bid"": 0, ""oi"": 0, ""option_type"": ""PE"", ""strike_price"": 990, ""oich"": 0}, {""ask"": 0, ""bid"": 0, ""oi"": 1064000, ""option_type"": ""CE"", ""strike_price"": 900, ""oich"": 35000}, {""ask"": 0, ""bid"": 0, ""oi"": 113000, ""option_type"": ""PE"", ""strike_price"": 890, ""oich"": -2000}, {""ask"": 0, ""bid"": 0, ""oi"": 246000, ""option_type"": ""PE"", ""strike_price"": 850, ""oich"": -24000}, {""ask"": 0, ""bid"": 0, ""oi"": 322000, ""option_type"": ""PE"", ""strike_price"": 760, ""oich"": -8000}, {""ask"": 0, ""bid"": 0, ""oi"": 100000, ""option_type"": ""PE"", ""strike_price"": 750, ""oich"": -2000}, {""ask"": 0, ""bid"": 0, ""oi"": 227000, ""option_type"": ""PE"", ""strike_price"": 810, ""oich"": 14000}, {""ask"": 0, ""bid"": 0, ""oi"": 1000, ""option_type"": ""CE"", ""strike_price"": 780, ""oich"": 0}, {""ask"": 0, ""bid"": 0, ""oi"": 10000, ""option_type"": ""PE"", ""strike_price"": 930, ""oich"": 0}, {""ask"": 0, ""bid"": 0, ""oi"": 504000, ""option_type"": ""CE"", ""strike_price"": 920, ""oich"": 9000}, {""ask"": 0, ""bid"": 0, ""oi"": 26000, ""option_type"": ""PE"", ""strike_price"": 910, ""oich"": -5000}, {""ask"": 0, ""bid"": 0, ""oi"": 36000, ""option_type"": ""CE"", ""strike_price"": 830, ""oich"": -3000}, {""ask"": 0, ""bid"": 0, ""oi"": 228000, ""option_type"": ""PE"", ""strike_price"": 780, ""oich"": 5000}, {""ask"": 0, ""bid"": 0, ""oi"": 23000, ""option_type"": ""PE"", ""strike_price"": 970, ""oich"": 0}]",4916000,2026-01-09
7117000,,,"[{""ask"": 0, ""bid"": 0, ""oi"": 2000, ""option_type"": ""PE"", ""strike_price"": 1020, ""oich"": 0}, {""ask"": 0, ""bid"": 0, ""oi"": 39000, ""option_type"": ""CE"", ""strike_price"": 990, ""oich"": 0}, {""ask"": 0, ""bid"": 0, ""oi"": 30000, ""option_type"": ""PE"", ""strike_price"": 740, ""oich"": 0}, {""ask"": 0, ""bid"": 0, ""oi"": 269000, ""option_type"": ""PE"", ""strike_price"": 780, ""oich"": 41000}, {""ask"": 0, ""bid"": 0, ""oi"": 40000, ""option_type"": ""CE"", ""strike_price"": 830, ""oich"": 4000}, {""ask"": 0, ""bid"": 0, ""oi"": 26000, ""option_type"": ""PE"", ""strike_price"": 910, ""oich"": 0}, {""ask"": 0, ""bid"": 0, ""oi"": 23000, ""option_type"": ""PE"", ""strike_price"": 970, ""oich"": 0}, {""ask"": 0, ""bid"": 0, ""oi"": 94000, ""option_type"": ""CE"", ""strike_price"": 840, ""oich"": 25000}, {""ask"": 0, ""bid"": 0, ""oi"": 25000, ""option_type"": ""CE"", ""strike_price"": 820, ""oich"": 9000}, {""ask"": 0, ""bid"": 0, ""oi"": 963000, ""option_type"": ""PE"", ""strike_price"": 800, ""oich"": 83000}, {""ask"": 0, ""bid"": 0, ""oi"": 41000, ""option_type"": ""CE"", ""strike_price"": 800, ""oich"": -1000}, {""ask"": 0, ""bid"": 0, ""oi"": 0, ""option_type"": ""CE"", ""strike_price"": 720, ""oich"": 0}, {""ask"": 0, ""bid"": 0, ""oi"": 568000, ""option_type"": ""CE"", ""strike_price"": 960, ""oich"": -34000}, {""ask"": 0, ""bid"": 0, ""oi"": 289000, ""option_type"": ""CE"", ""strike_price"": 890, ""oich"": 58000}, {""ask"": 0, ""bid"": 0, ""oi"": 272000, ""option_type"": ""PE"", ""strike_price"": 860, ""oich"": -8000}, {""ask"": 0, ""bid"": 0, ""oi"": 389000, ""option_type"": ""CE"", ""strike_price"": 910, ""oich"": 70000}, {""ask"": 0, ""bid"": 0, ""oi"": 3000, ""option_type"": ""PE"", ""strike_price"": 1000, ""oich"": 0}, {""ask"": 0, ""bid"": 0, ""oi"": 6000, ""option_type"": ""PE"", ""strike_price"": 940, ""oich"": 1000}, {""ask"": 0, ""bid"": 0, ""oi"": 254000, ""option_type"": ""CE"", ""strike_price"": 930, ""oich"": -16000}, {""ask"": 0, ""bid"": 0, ""oi"": 286000, ""option_type"": ""PE"", ""strike_price"": 810, ""oich"": 59000}, {""ask"": 0, ""bid"": 0, ""oi"": 10000, ""option_type"": ""PE"", ""strike_price"": 930, ""oich"": 0}, {""ask"": 0, ""bid"": 0, ""oi"": 565000, ""option_type"": ""CE"", ""strike_price"": 920, ""oich"": 61000}, {""ask"": 0, ""bid"": 0, ""oi"": 1000, ""option_type"": ""CE"", ""strike_price"": 780, ""oich"": 0}, {""ask"": 0, ""bid"": 0, ""oi"": 29000, ""option_type"": ""PE"", ""strike_price"": 960, ""oich"": 6000}, {""ask"": 0, ""bid"": 0, ""oi"": 656000, ""option_type"": ""CE"", ""strike_price"": 950, ""oich"": -76000}, {""ask"": 0, ""bid"": 0, ""oi"": 318000, ""option_type"": ""CE"", ""strike_price"": 860, ""oich"": 166000}, {""ask"": 0, ""bid"": 0, ""oi"": 523000, ""option_type"": ""CE"", ""strike_price"": 1000, ""oich"": -26000}, {""ask"": 0, ""bid"": 0, ""oi"": 0, ""option_type"": ""PE"", ""strike_price"": 1040, ""oich"": 0}, {""ask"": 0, ""bid"": 0, ""oi"": 32000, ""option_type"": ""PE"", ""strike_price"": 920, ""oich"": -2000}, {""ask"": 0, ""bid"": 0, ""oi"": 238000, ""option_type"": ""PE"", ""strike_price"": 900, ""oich"": -11000}, {""ask"": 0, ""bid"": 0, ""oi"": 491000, ""option_type"": ""CE"", ""strike_price"": 880, ""oich"": -3000}, {""ask"": 0, ""bid"": 0, ""oi"": 324000, ""option_type"": ""PE"", ""strike_price"": 840, ""oich"": 15000}, {""ask"": 0, ""bid"": 0, ""oi"": 355000, ""option_type"": ""PE"", ""strike_price"": 820, ""oich"": -52000}, {""ask"": 0, ""bid"": 0, ""oi"": 0, ""option_type"": ""CE"", ""strike_price"": 790, ""oich"": 0}, {""ask"": 0, ""bid"": 0, ""oi"": 1000, ""option_type"": ""CE"", ""strike_price"": 760, ""oich"": 0}, {""ask"": 0, ""bid"": 0, ""oi"": 20000, ""option_type"": ""PE"", ""strike_price"": 700, ""oich"": -2000}, {""ask"": 0, ""bid"": 0, ""oi"": 8000, ""option_type"": ""CE"", ""strike_price"": 750, ""oich"": 0}, {""ask"": 0, ""bid"": 0, ""oi"": 179000, ""option_type"": ""PE"", ""strike_price"": 790, ""oich"": 22000}, {""ask"": 0, ""bid"": 0, ""oi"": 0, ""option_type"": ""CE"", ""strike_price"": 810, ""oich"": 0}, {""ask"": 0, ""bid"": 0, ""oi"": 375000, ""option_type"": ""CE"", ""strike_price"": 940, ""oich"": -38000}, {""ask"": 0, ""bid"": 0, ""oi"": 9000, ""option_type"": ""CE"", ""strike_price"": 1040, ""oich"": 0}, {""ask"": 0, ""bid"": 0, ""oi"": 329000, ""option_type"": ""PE"", ""strike_price"": 760, ""oich"": 7000}, {""ask"": 0, ""bid"": 0, ""oi"": 350000, ""option_type"": ""PE"", ""strike_price"": 850, ""oich"": 104000}, {""ask"": 0, ""bid"": 0, ""oi"": 105000, ""option_type"": ""PE"", ""strike_price"": 890, ""oich"": -8000}, {""ask"": 0, ""bid"": 0, ""oi"": 1124000, ""option_type"": ""CE"", ""strike_price"": 900, ""oich"": 60000}, {""ask"": 0, ""bid"": 0, ""oi"": 52000, ""option_type"": ""PE"", ""strike_price"": 950, ""oich"": 0}, {""ask"": 0, ""bid"": 0, ""oi"": 0, ""option_type"": ""PE"", ""strike_price"": 990, ""oich"": 0}, {""ask"": 0, ""bid"": 0, ""oi"": 97000, ""option_type"": ""PE"", ""strike_price"": 750, ""oich"": -3000}, {""ask"": 0, ""bid"": 0, ""oi"": 262000, ""option_type"": ""PE"", ""strike_price"": 830, ""oich"": -80000}, {""ask"": 0, ""bid"": 0, ""oi"": 277000, ""option_type"": ""PE"", ""strike_price"": 770, ""oich"": 38000}, {""ask"": 0, ""bid"": 0, ""oi"": 0, ""option_type"": ""CE"", ""strike_price"": 740, ""oich"": 0}, {""ask"": 0, ""bid"": 0, ""oi"": 23000, ""option_type"": ""PE"", ""strike_price"": 720, ""oich"": 0}, {""ask"": 0, ""bid"": 0, ""oi"": 250000, ""option_type"": ""PE"", ""strike_price"": 870, ""oich"": -10000}, {""ask"": 0, ""bid"": 0, ""oi"": 4000, ""option_type"": ""PE"", ""strike_price"": 980, ""oich"": 0}, {""ask"": 0, ""bid"": 0, ""oi"": 166000, ""option_type"": ""CE"", ""strike_price"": 1020, ""oich"": 3000}, {""ask"": 0, ""bid"": 0, ""oi"": 265000, ""option_type"": ""CE"", ""strike_price"": 980, ""oich"": -41000}, {""ask"": 0, ""bid"": 0, ""oi"": 109000, ""option_type"": ""CE"", ""strike_price"": 970, ""oich"": -22000}, {""ask"": 0, ""bid"": 0, ""oi"": 261000, ""option_type"": ""PE"", ""strike_price"": 880, ""oich"": -39000}, {""ask"": 0, ""bid"": 0, ""oi"": 405000, ""option_type"": ""CE"", ""strike_price"": 870, ""oich"": 135000}, {""ask"": 0, ""bid"": 0, ""oi"": 360000, ""option_type"": ""CE"", ""strike_price"": 850, ""oich"": 169000}, {""ask"": 0, ""bid"": 0, ""oi"": 2000, ""option_type"": ""CE"", ""strike_price"": 770, ""oich"": 0}]",5077000,2026-01-12
7262000,,,"[{""ask"": 0, ""bid"": 0, ""oi"": 0, ""option_type"": ""CE"", ""strike_price"": 720, ""oich"": 0}, {""ask"": 0, ""bid"": 0, ""oi"": 41000, ""option_type"": ""CE"", ""strike_price"": 800, ""oich"": 0}, {""ask"": 0, ""bid"": 0, ""oi"": 1049000, ""option_type"": ""PE"", ""strike_price"": 800, ""oich"": 86000}, {""ask"": 0, ""bid"": 0, ""oi"": 25000, ""option_type"": ""CE"", ""strike_price"": 820, ""oich"": 0}, {""ask"": 0, ""bid"": 0, ""oi"": 98000, ""option_type"": ""CE"", ""strike_price"": 840, ""oich"": 4000}, {""ask"": 0, ""bid"": 0, ""oi"": 1000, ""option_type"": ""CE"", ""strike_price"": 760, ""oich"": 0}, {""ask"": 0, ""bid"": 0, ""oi"": 0, ""option_type"": ""CE"", ""strike_price"": 790, ""oich"": 0}, {""ask"": 0, ""bid"": 0, ""oi"": 342000, ""option_type"": ""PE"", ""strike_price"": 820, ""oich"": -13000}, {""ask"": 0, ""bid"": 0, ""oi"": 339000, ""option_type"": ""PE"", ""strike_price"": 840, ""oich"": 15000}, {""ask"": 0, ""bid"": 0, ""oi"": 494000, ""option_type"": ""CE"", ""strike_price"": 880, ""oich"": 3000}, {""ask"": 0, ""bid"": 0, ""oi"": 232000, ""option_type"": ""PE"", ""strike_price"": 900, ""oich"": -6000}, {""ask"": 0, ""bid"": 0, ""oi"": 32000, ""option_type"": ""PE"", ""strike_price"": 920, ""oich"": 0}, {""ask"": 0, ""bid"": 0, ""oi"": 0, ""option_type"": ""PE"", ""strike_price"": 1040, ""oich"": 0}, {""ask"": 0, ""bid"": 0, ""oi"": 583000, ""option_type"": ""CE"", ""strike_price"": 920, ""oich"": 18000}, {""ask"": 0, ""bid"": 0, ""oi"": 342000, ""option_type"": ""PE"", ""strike_price"": 810, ""oich"": 56000}, {""ask"": 0, ""bid"": 0, ""oi"": 1000, ""option_type"": ""CE"", ""strike_price"": 780, ""oich"": 0}, {""ask"": 0, ""bid"": 0, ""oi"": 10000, ""option_type"": ""PE"", ""strike_price"": 930, ""oich"": 0}, {""ask"": 0, ""bid"": 0, ""oi"": 1193000, ""option_type"": ""CE"", ""strike_price"": 900, ""oich"": 69000}, {""ask"": 0, ""bid"": 0, ""oi"": 54000, ""option_type"": ""PE"", ""strike_price"": 950, ""oich"": 2000}, {""ask"": 0, ""bid"": 0, ""oi"": 0, ""option_type"": ""PE"", ""strike_price"": 990, ""oich"": 0}, {""ask"": 0, ""bid"": 0, ""oi"": 446000, ""option_type"": ""PE"", ""strike_price"": 850, ""oich"": 96000}, {""ask"": 0, ""bid"": 0, ""oi"": 98000, ""option_type"": ""PE"", ""strike_price"": 750, ""oich"": 1000}, {""ask"": 0, ""bid"": 0, ""oi"": 339000, ""option_type"": ""PE"", ""strike_price"": 760, ""oich"": 10000}, {""ask"": 0, ""bid"": 0, ""oi"": 107000, ""option_type"": ""PE"", ""strike_price"": 890, ""oich"": 2000}, {""ask"": 0, ""bid"": 0, ""oi"": 430000, ""option_type"": ""CE"", ""strike_price"": 850, ""oich"": 70000}, {""ask"": 0, ""bid"": 0, ""oi"": 158000, ""option_type"": ""CE"", ""strike_price"": 1020, ""oich"": -8000}, {""ask"": 0, ""bid"": 0, ""oi"": 237000, ""option_type"": ""CE"", ""strike_price"": 980, ""oich"": -28000}, {""ask"": 0, ""bid"": 0, ""oi"": 128000, ""option_type"": ""CE"", ""strike_price"": 970, ""oich"": 19000}, {""ask"": 0, ""bid"": 0, ""oi"": 260000, ""option_type"": ""PE"", ""strike_price"": 880, ""oich"": -1000}, {""ask"": 0, ""bid"": 0, ""oi"": 433000, ""option_type"": ""CE"", ""strike_price"": 870, ""oich"": 28000}, {""ask"": 0, ""bid"": 0, ""oi"": 2000, ""option_type"": ""CE"", ""strike_price"": 770, ""oich"": 0}, {""ask"": 0, ""bid"": 0, ""oi"": 2000, ""option_type"": ""PE"", ""strike_price"": 1020, ""oich"": 0}, {""ask"": 0, ""bid"": 0, ""oi"": 39000, ""option_type"": ""CE"", ""strike_price"": 990, ""oich"": 0}, {""ask"": 0, ""bid"": 0, ""oi"": 32000, ""option_type"": ""PE"", ""strike_price"": 740, ""oich"": 2000}, {""ask"": 0, ""bid"": 0, ""oi"": 281000, ""option_type"": ""PE"", ""strike_price"": 830, ""oich"": 19000}, {""ask"": 0, ""bid"": 0, ""oi"": 278000, ""option_type"": ""PE"", ""strike_price"": 770, ""oich"": 1000}, {""ask"": 0, ""bid"": 0, ""oi"": 0, ""option_type"": ""CE"", ""strike_price"": 740, ""oich"": 0}, {""ask"": 0, ""bid"": 0, ""oi"": 23000, ""option_type"": ""PE"", ""strike_price"": 720, ""oich"": 0}, {""ask"": 0, ""bid"": 0, ""oi"": 246000, ""option_type"": ""PE"", ""strike_price"": 870, ""oich"": -4000}, {""ask"": 0, ""bid"": 0, ""oi"": 4000, ""option_type"": ""PE"", ""strike_price"": 980, ""oich"": 0}, {""ask"": 0, ""bid"": 0, ""oi"": 26000, ""option_type"": ""PE"", ""strike_price"": 910, ""oich"": 0}, {""ask"": 0, ""bid"": 0, ""oi"": 43000, ""option_type"": ""CE"", ""strike_price"": 830, ""oich"": 3000}, {""ask"": 0, ""bid"": 0, ""oi"": 310000, ""option_type"": ""PE"", ""strike_price"": 780, ""oich"": 41000}, {""ask"": 0, ""bid"": 0, ""oi"": 23000, ""option_type"": ""PE"", ""strike_price"": 970, ""oich"": 0}, {""ask"": 0, ""bid"": 0, ""oi"": 327000, ""option_type"": ""CE"", ""strike_price"": 860, ""oich"": 9000}, {""ask"": 0, ""bid"": 0, ""oi"": 658000, ""option_type"": ""CE"", ""strike_price"": 950, ""oich"": 2000}, {""ask"": 0, ""bid"": 0, ""oi"": 497000, ""option_type"": ""CE"", ""strike_price"": 1000, ""oich"": -26000}, {""ask"": 0, ""bid"": 0, ""oi"": 29000, ""option_type"": ""PE"", ""strike_price"": 960, ""oich"": 0}, {""ask"": 0, ""bid"": 0, ""oi"": 3000, ""option_type"": ""PE"", ""strike_price"": 1000, ""oich"": 0}, {""ask"": 0, ""bid"": 0, ""oi"": 6000, ""option_type"": ""PE"", ""strike_price"": 940, ""oich"": 0}, {""ask"": 0, ""bid"": 0, ""oi"": 252000, ""option_type"": ""CE"", ""strike_price"": 930, ""oich"": -2000}, {""ask"": 0, ""bid"": 0, ""oi"": 401000, ""option_type"": ""CE"", ""strike_price"": 910, ""oich"": 12000}, {""ask"": 0, ""bid"": 0, ""oi"": 20000, ""option_type"": ""PE"", ""strike_price"": 700, ""oich"": 0}, {""ask"": 0, ""bid"": 0, ""oi"": 9000, ""option_type"": ""CE"", ""strike_price"": 1040, ""oich"": 0}, {""ask"": 0, ""bid"": 0, ""oi"": 310000, ""option_type"": ""CE"", ""strike_price"": 940, ""oich"": -65000}, {""ask"": 0, ""bid"": 0, ""oi"": 0, ""option_type"": ""CE"", ""strike_price"": 810, ""oich"": 0}, {""ask"": 0, ""bid"": 0, ""oi"": 200000, ""option_type"": ""PE"", ""strike_price"": 790, ""oich"": 21000}, {""ask"": 0, ""bid"": 0, ""oi"": 8000, ""option_type"": ""CE"", ""strike_price"": 750, ""oich"": 0}, {""ask"": 0, ""bid"": 0, ""oi"": 547000, ""option_type"": ""CE"", ""strike_price"": 960, ""oich"": -21000}, {""ask"": 0, ""bid"": 0, ""oi"": 347000, ""option_type"": ""CE"", ""strike_price"": 890, ""oich"": 58000}, {""ask"": 0, ""bid"": 0, ""oi"": 225000, ""option_type"": ""PE"", ""strike_price"": 860, ""oich"": -47000}]",5358000,2026-01-13
7492000,,,"[{""ask"": 0, ""bid"": 0, ""oi"": 10000, ""option_type"": ""PE"", ""strike_price"": 930, ""oich"": 0}, {""ask"": 0, ""bid"": 0, ""oi"": 545000, ""option_type"": ""CE"", ""strike_price"": 920, ""oich"": -38000}, {""ask"": 0, ""bid"": 0, ""oi"": 356000, ""option_type"": ""PE"", ""strike_price"": 810, ""oich"": 14000}, {""ask"": 0, ""bid"": 0, ""oi"": 1000, ""option_type"": ""CE"", ""strike_price"": 780, ""oich"": 0}, {""ask"": 0, ""bid"": 0, ""oi"": 242000, ""option_type"": ""PE"", ""strike_price"": 870, ""oich"": -4000}, {""ask"": 0, ""bid"": 0, ""oi"": 283000, ""option_type"": ""PE"", ""strike_price"": 830, ""oich"": 2000}, {""ask"": 0, ""bid"": 0, ""oi"": 278000, ""option_type"": ""PE"", ""strike_price"": 770, ""oich"": 0}, {""ask"": 0, ""bid"": 0, ""oi"": 0, ""option_type"": ""CE"", ""strike_price"": 740, ""oich"": 0}, {""ask"": 0, ""bid"": 0, ""oi"": 23000, ""option_type"": ""PE"", ""strike_price"": 720, ""oich"": 0}, {""ask"": 0, ""bid"": 0, ""oi"": 4000, ""option_type"": ""PE"", ""strike_price"": 980, ""oich"": 0}, {""ask"": 0, ""bid"": 0, ""oi"": 91000, ""option_type"": ""CE"", ""strike_price"": 840, ""oich"": -7000}, {""ask"": 0, ""bid"": 0, ""oi"": 29000, ""option_type"": ""CE"", ""strike_price"": 820, ""oich"": 4000}, {""ask"": 0, ""bid"": 0, ""oi"": 1071000, ""option_type"": ""PE"", ""strike_price"": 800, ""oich"": 22000}, {""ask"": 0, ""bid"": 0, ""oi"": 40000, ""option_type"": ""CE"", ""strike_price"": 800, ""oich"": -1000}, {""ask"": 0, ""bid"": 0, ""oi"": 0, ""option_type"": ""CE"", ""strike_price"": 720, ""oich"": 0}, {""ask"": 0, ""bid"": 0, ""oi"": 473000, ""option_type"": ""CE"", ""strike_price"": 1000, ""oich"": -24000}, {""ask"": 0, ""bid"": 0, ""oi"": 29000, ""option_type"": ""PE"", ""strike_price"": 960, ""oich"": 0}, {""ask"": 0, ""bid"": 0, ""oi"": 671000, ""option_type"": ""CE"", ""strike_price"": 950, ""oich"": 13000}, {""ask"": 0, ""bid"": 0, ""oi"": 348000, ""option_type"": ""CE"", ""strike_price"": 860, ""oich"": 21000}, {""ask"": 0, ""bid"": 0, ""oi"": 339000, ""option_type"": ""PE"", ""strike_price"": 820, ""oich"": -3000}, {""ask"": 0, ""bid"": 0, ""oi"": 321000, ""option_type"": ""PE"", ""strike_price"": 840, ""oich"": -18000}, {""ask"": 0, ""bid"": 0, ""oi"": 529000, ""option_type"": ""CE"", ""strike_price"": 880, ""oich"": 35000}, {""ask"": 0, ""bid"": 0, ""oi"": 232000, ""option_type"": ""PE"", ""strike_price"": 900, ""oich"": 0}, {""ask"": 0, ""bid"": 0, ""oi"": 32000, ""option_type"": ""PE"", ""strike_price"": 920, ""oich"": 0}, {""ask"": 0, ""bid"": 0, ""oi"": 0, ""option_type"": ""PE"", ""strike_price"": 1040, ""oich"": 0}, {""ask"": 0, ""bid"": 0, ""oi"": 1000, ""option_type"": ""CE"", ""strike_price"": 760, ""oich"": 0}, {""ask"": 0, ""bid"": 0, ""oi"": 0, ""option_type"": ""CE"", ""strike_price"": 790, ""oich"": 0}, {""ask"": 0, ""bid"": 0, ""oi"": 240000, ""option_type"": ""CE"", ""strike_price"": 930, ""oich"": -12000}, {""ask"": 0, ""bid"": 0, ""oi"": 407000, ""option_type"": ""CE"", ""strike_price"": 910, ""oich"": 6000}, {""ask"": 0, ""bid"": 0, ""oi"": 1000, ""option_type"": ""PE"", ""strike_price"": 1000, ""oich"": -2000}, {""ask"": 0, ""bid"": 0, ""oi"": 6000, ""option_type"": ""PE"", ""strike_price"": 940, ""oich"": 0}, {""ask"": 0, ""bid"": 0, ""oi"": 2000, ""option_type"": ""PE"", ""strike_price"": 1020, ""oich"": 0}, {""ask"": 0, ""bid"": 0, ""oi"": 38000, ""option_type"": ""CE"", ""strike_price"": 990, ""oich"": -1000}, {""ask"": 0, ""bid"": 0, ""oi"": 29000, ""option_type"": ""PE"", ""strike_price"": 740, ""oich"": -3000}, {""ask"": 0, ""bid"": 0, ""oi"": 551000, ""option_type"": ""CE"", ""strike_price"": 960, ""oich"": 4000}, {""ask"": 0, ""bid"": 0, ""oi"": 383000, ""option_type"": ""CE"", ""strike_price"": 890, ""oich"": 36000}, {""ask"": 0, ""bid"": 0, ""oi"": 247000, ""option_type"": ""PE"", ""strike_price"": 860, ""oich"": 22000}, {""ask"": 0, ""bid"": 0, ""oi"": 332000, ""option_type"": ""PE"", ""strike_price"": 780, ""oich"": 22000}, {""ask"": 0, ""bid"": 0, ""oi"": 46000, ""option_type"": ""CE"", ""strike_price"": 830, ""oich"": 3000}, {""ask"": 0, ""bid"": 0, ""oi"": 26000, ""option_type"": ""PE"", ""strike_price"": 910, ""oich"": 0}, {""ask"": 0, ""bid"": 0, ""oi"": 23000, ""option_type"": ""PE"", ""strike_price"": 970, ""oich"": 0}, {""ask"": 0, ""bid"": 0, ""oi"": 54000, ""option_type"": ""PE"", ""strike_price"": 950, ""oich"": 0}, {""ask"": 0, ""bid"": 0, ""oi"": 0, ""option_type"": ""PE"", ""strike_price"": 990, ""oich"": 0}, {""ask"": 0, ""bid"": 0, ""oi"": 1267000, ""option_type"": ""CE"", ""strike_price"": 900, ""oich"": 74000}, {""ask"": 0, ""bid"": 0, ""oi"": 108000, ""option_type"": ""PE"", ""strike_price"": 890, ""oich"": 1000}, {""ask"": 0, ""bid"": 0, ""oi"": 471000, ""option_type"": ""PE"", ""strike_price"": 850, ""oich"": 25000}, {""ask"": 0, ""bid"": 0, ""oi"": 328000, ""option_type"": ""PE"", ""strike_price"": 760, ""oich"": -11000}, {""ask"": 0, ""bid"": 0, ""oi"": 97000, ""option_type"": ""PE"", ""strike_price"": 750, ""oich"": -1000}, {""ask"": 0, ""bid"": 0, ""oi"": 159000, ""option_type"": ""CE"", ""strike_price"": 1020, ""oich"": 1000}, {""ask"": 0, ""bid"": 0, ""oi"": 234000, ""option_type"": ""CE"", ""strike_price"": 980, ""oich"": -3000}, {""ask"": 0, ""bid"": 0, ""oi"": 123000, ""option_type"": ""CE"", ""strike_price"": 970, ""oich"": -5000}, {""ask"": 0, ""bid"": 0, ""oi"": 265000, ""option_type"": ""PE"", ""strike_price"": 880, ""oich"": 5000}, {""ask"": 0, ""bid"": 0, ""oi"": 438000, ""option_type"": ""CE"", ""strike_price"": 870, ""oich"": 5000}, {""ask"": 0, ""bid"": 0, ""oi"": 495000, ""option_type"": ""CE"", ""strike_price"": 850, ""oich"": 65000}, {""ask"": 0, ""bid"": 0, ""oi"": 2000, ""option_type"": ""CE"", ""strike_price"": 770, ""oich"": 0}, {""ask"": 0, ""bid"": 0, ""oi"": 0, ""option_type"": ""CE"", ""strike_price"": 810, ""oich"": 0}, {""ask"": 0, ""bid"": 0, ""oi"": 209000, ""option_type"": ""PE"", ""strike_price"": 790, ""oich"": 9000}, {""ask"": 0, ""bid"": 0, ""oi"": 8000, ""option_type"": ""CE"", ""strike_price"": 750, ""oich"": 0}, {""ask"": 0, ""bid"": 0, ""oi"": 24000, ""option_type"": ""PE"", ""strike_price"": 700, ""oich"": 4000}, {""ask"": 0, ""bid"": 0, ""oi"": 364000, ""option_type"": ""CE"", ""strike_price"": 940, ""oich"": 54000}, {""ask"": 0, ""bid"": 0, ""oi"": 9000, ""option_type"": ""CE"", ""strike_price"": 1040, ""oich"": 0}]",5442000,2026-01-14
7587000,,,"[{""ask"": 0, ""bid"": 0, ""oi"": 4000, ""option_type"": ""PE"", ""strike_price"": 980, ""oich"": 0}, {""ask"": 0, ""bid"": 0, ""oi"": 246000, ""option_type"": ""PE"", ""strike_price"": 880, ""oich"": -19000}, {""ask"": 0, ""bid"": 0, ""oi"": 117000, ""option_type"": ""CE"", ""strike_price"": 970, ""oich"": -6000}, {""ask"": 0, ""bid"": 0, ""oi"": 193000, ""option_type"": ""CE"", ""strike_price"": 980, ""oich"": -41000}, {""ask"": 0, ""bid"": 0, ""oi"": 758000, ""option_type"": ""CE"", ""strike_price"": 850, ""oich"": 263000}, {""ask"": 0, ""bid"": 0, ""oi"": 157000, ""option_type"": ""CE"", ""strike_price"": 1020, ""oich"": -2000}, {""ask"": 0, ""bid"": 0, ""oi"": 5000, ""option_type"": ""CE"", ""strike_price"": 770, ""oich"": 3000}, {""ask"": 0, ""bid"": 0, ""oi"": 450000, ""option_type"": ""CE"", ""strike_price"": 870, ""oich"": 12000}, {""ask"": 0, ""bid"": 0, ""oi"": 29000, ""option_type"": ""PE"", ""strike_price"": 740, ""oich"": 0}, {""ask"": 0, ""bid"": 0, ""oi"": 0, ""option_type"": ""CE"", ""strike_price"": 700, ""oich"": 0}, {""ask"": 0, ""bid"": 0, ""oi"": 2000, ""option_type"": ""PE"", ""strike_price"": 1020, ""oich"": 0}, {""ask"": 0, ""bid"": 0, ""oi"": 38000, ""option_type"": ""CE"", ""strike_price"": 990, ""oich"": 0}, {""ask"": 0, ""bid"": 0, ""oi"": 0, ""option_type"": ""PE"", ""strike_price"": 990, ""oich"": 0}, {""ask"": 0, ""bid"": 0, ""oi"": 54000, ""option_type"": ""PE"", ""strike_price"": 950, ""oich"": 0}, {""ask"": 0, ""bid"": 0, ""oi"": 86000, ""option_type"": ""PE"", ""strike_price"": 750, ""oich"": -11000}, {""ask"": 0, ""bid"": 0, ""oi"": 315000, ""option_type"": ""PE"", ""strike_price"": 760, ""oich"": -13000}, {""ask"": 0, ""bid"": 0, ""oi"": 747000, ""option_type"": ""PE"", ""strike_price"": 850, ""oich"": 276000}, {""ask"": 0, ""bid"": 0, ""oi"": 113000, ""option_type"": ""PE"", ""strike_price"": 890, ""oich"": 5000}, {""ask"": 0, ""bid"": 0, ""oi"": 1266000, ""option_type"": ""CE"", ""strike_price"": 900, ""oich"": -1000}, {""ask"": 0, ""bid"": 0, ""oi"": 513000, ""option_type"": ""CE"", ""strike_price"": 920, ""oich"": -32000}, {""ask"": 0, ""bid"": 0, ""oi"": 10000, ""option_type"": ""PE"", ""strike_price"": 930, ""oich"": 0}, {""ask"": 0, ""bid"": 0, ""oi"": 1000, ""option_type"": ""CE"", ""strike_price"": 780, ""oich"": 0}, {""ask"": 0, ""bid"": 0, ""oi"": 370000, ""option_type"": ""PE"", ""strike_price"": 810, ""oich"": 14000}, {""ask"": 0, ""bid"": 0, ""oi"": 52000, ""option_type"": ""CE"", ""strike_price"": 830, ""oich"": 6000}, {""ask"": 0, ""bid"": 0, ""oi"": 311000, ""option_type"": ""PE"", ""strike_price"": 780, ""oich"": -21000}, {""ask"": 0, ""bid"": 0, ""oi"": 23000, ""option_type"": ""PE"", ""strike_price"": 970, ""oich"": 0}, {""ask"": 0, ""bid"": 0, ""oi"": 26000, ""option_type"": ""PE"", ""strike_price"": 910, ""oich"": 0}, {""ask"": 0, ""bid"": 0, ""oi"": 1000, ""option_type"": ""PE"", ""strike_price"": 1000, ""oich"": 0}, {""ask"": 0, ""bid"": 0, ""oi"": 6000, ""option_type"": ""PE"", ""strike_price"": 940, ""oich"": 0}, {""ask"": 0, ""bid"": 0, ""oi"": 231000, ""option_type"": ""CE"", ""strike_price"": 930, ""oich"": -9000}, {""ask"": 0, ""bid"": 0, ""oi"": 380000, ""option_type"": ""CE"", ""strike_price"": 910, ""oich"": -27000}, {""ask"": 0, ""bid"": 0, ""oi"": 339000, ""option_type"": ""CE"", ""strike_price"": 860, ""oich"": -9000}, {""ask"": 0, ""bid"": 0, ""oi"": 601000, ""option_type"": ""CE"", ""strike_price"": 950, ""oich"": -70000}, {""ask"": 0, ""bid"": 0, ""oi"": 29000, ""option_type"": ""PE"", ""strike_price"": 960, ""oich"": 0}, {""ask"": 0, ""bid"": 0, ""oi"": 431000, ""option_type"": ""CE"", ""strike_price"": 1000, ""oich"": -42000}, {""ask"": 0, ""bid"": 0, ""oi"": 24000, ""option_type"": ""PE"", ""strike_price"": 700, ""oich"": 0}, {""ask"": 0, ""bid"": 0, ""oi"": 8000, ""option_type"": ""CE"", ""strike_price"": 750, ""oich"": 0}, {""ask"": 0, ""bid"": 0, ""oi"": 203000, ""option_type"": ""PE"", ""strike_price"": 790, ""oich"": -6000}, {""ask"": 0, ""bid"": 0, ""oi"": 0, ""option_type"": ""CE"", ""strike_price"": 810, ""oich"": 0}, {""ask"": 0, ""bid"": 0, ""oi"": 312000, ""option_type"": ""CE"", ""strike_price"": 940, ""oich"": -52000}, {""ask"": 0, ""bid"": 0, ""oi"": 9000, ""option_type"": ""CE"", ""strike_price"": 1040, ""oich"": 0}, {""ask"": 0, ""bid"": 0, ""oi"": 0, ""option_type"": ""CE"", ""strike_price"": 790, ""oich"": 0}, {""ask"": 0, ""bid"": 0, ""oi"": 1000, ""option_type"": ""CE"", ""strike_price"": 760, ""oich"": 0}, {""ask"": 0, ""bid"": 0, ""oi"": 0, ""option_type"": ""PE"", ""strike_price"": 1040, ""oich"": 0}, {""ask"": 0, ""bid"": 0, ""oi"": 33000, ""option_type"": ""PE"", ""strike_price"": 920, ""oich"": 1000}, {""ask"": 0, ""bid"": 0, ""oi"": 224000, ""option_type"": ""PE"", ""strike_price"": 900, ""oich"": -8000}, {""ask"": 0, ""bid"": 0, ""oi"": 476000, ""option_type"": ""CE"", ""strike_price"": 880, ""oich"": -53000}, {""ask"": 0, ""bid"": 0, ""oi"": 360000, ""option_type"": ""PE"", ""strike_price"": 840, ""oich"": 39000}, {""ask"": 0, ""bid"": 0, ""oi"": 326000, ""option_type"": ""PE"", ""strike_price"": 820, ""oich"": -13000}, {""ask"": 0, ""bid"": 0, ""oi"": 527000, ""option_type"": ""CE"", ""strike_price"": 960, ""oich"": -24000}, {""ask"": 0, ""bid"": 0, ""oi"": 441000, ""option_type"": ""CE"", ""strike_price"": 890, ""oich"": 58000}, {""ask"": 0, ""bid"": 0, ""oi"": 240000, ""option_type"": ""PE"", ""strike_price"": 860, ""oich"": -7000}, {""ask"": 0, ""bid"": 0, ""oi"": 207000, ""option_type"": ""CE"", ""strike_price"": 840, ""oich"": 116000}, {""ask"": 0, ""bid"": 0, ""oi"": 29000, ""option_type"": ""CE"", ""strike_price"": 820, ""oich"": 0}, {""ask"": 0, ""bid"": 0, ""oi"": 1028000, ""option_type"": ""PE"", ""strike_price"": 800, ""oich"": -43000}, {""ask"": 0, ""bid"": 0, ""oi"": 45000, ""option_type"": ""CE"", ""strike_price"": 800, ""oich"": 5000}, {""ask"": 0, ""bid"": 0, ""oi"": 0, ""option_type"": ""CE"", ""strike_price"": 720, ""oich"": 0}, {""ask"": 0, ""bid"": 0, ""oi"": 231000, ""option_type"": ""PE"", ""strike_price"": 870, ""oich"": -11000}, {""ask"": 0, ""bid"": 0, ""oi"": 310000, ""option_type"": ""PE"", ""strike_price"": 830, ""oich"": 27000}, {""ask"": 0, ""bid"": 0, ""oi"": 264000, ""option_type"": ""PE"", ""strike_price"": 770, ""oich"": -14000}, {""ask"": 0, ""bid"": 0, ""oi"": 0, ""option_type"": ""CE"", ""strike_price"": 740, ""oich"": 0}, {""ask"": 0, ""bid"": 0, ""oi"": 22000, ""option_type"": ""PE"", ""strike_price"": 720, ""oich"": -1000}]",5637000,2026-01-16
7317000,,,"[{""ask"": 0, ""bid"": 0, ""oi"": 303000, ""option_type"": ""CE"", ""strike_price"": 910, ""oich"": -77000}, {""ask"": 0, ""bid"": 0, ""oi"": 1000, ""option_type"": ""PE"", ""strike_price"": 1000, ""oich"": 0}, {""ask"": 0, ""bid"": 0, ""oi"": 494000, ""option_type"": ""CE"", ""strike_price"": 950, ""oich"": -107000}, {""ask"": 0, ""bid"": 0, ""oi"": 350000, ""option_type"": ""CE"", ""strike_price"": 860, ""oich"": 11000}, {""ask"": 0, ""bid"": 0, ""oi"": 444000, ""option_type"": ""CE"", ""strike_price"": 1000, ""oich"": 13000}, {""ask"": 0, ""bid"": 0, ""oi"": 28000, ""option_type"": ""PE"", ""strike_price"": 960, ""oich"": -1000}, {""ask"": 0, ""bid"": 0, ""oi"": 7000, ""option_type"": ""PE"", ""strike_price"": 980, ""oich"": 3000}, {""ask"": 0, ""bid"": 0, ""oi"": 238000, ""option_type"": ""PE"", ""strike_price"": 870, ""oich"": 7000}, {""ask"": 0, ""bid"": 0, ""oi"": 381000, ""option_type"": ""PE"", ""strike_price"": 830, ""oich"": 71000}, {""ask"": 0, ""bid"": 0, ""oi"": 22000, ""option_type"": ""PE"", ""strike_price"": 720, ""oich"": 0}, {""ask"": 0, ""bid"": 0, ""oi"": 0, ""option_type"": ""CE"", ""strike_price"": 740, ""oich"": 0}, {""ask"": 0, ""bid"": 0, ""oi"": 24000, ""option_type"": ""PE"", ""strike_price"": 700, ""oich"": 0}, {""ask"": 0, ""bid"": 0, ""oi"": 280000, ""option_type"": ""CE"", ""strike_price"": 940, ""oich"": -32000}, {""ask"": 0, ""bid"": 0, ""oi"": 9000, ""option_type"": ""CE"", ""strike_price"": 1040, ""oich"": 0}, {""ask"": 0, ""bid"": 0, ""oi"": 8000, ""option_type"": ""CE"", ""strike_price"": 750, ""oich"": 0}, {""ask"": 0, ""bid"": 0, ""oi"": 222000, ""option_type"": ""PE"", ""strike_price"": 790, ""oich"": 19000}, {""ask"": 0, ""bid"": 0, ""oi"": 0, ""option_type"": ""CE"", ""strike_price"": 810, ""oich"": 0}, {""ask"": 0, ""bid"": 0, ""oi"": 34000, ""option_type"": ""CE"", ""strike_price"": 820, ""oich"": 5000}, {""ask"": 0, ""bid"": 0, ""oi"": 0, ""option_type"": ""CE"", ""strike_price"": 720, ""oich"": 0}, {""ask"": 0, ""bid"": 0, ""oi"": 46000, ""option_type"": ""CE"", ""strike_price"": 800, ""oich"": 1000}, {""ask"": 0, ""bid"": 0, ""oi"": 919000, ""option_type"": ""PE"", ""strike_price"": 800, ""oich"": -109000}, {""ask"": 0, ""bid"": 0, ""oi"": 337000, ""option_type"": ""CE"", ""strike_price"": 840, ""oich"": 130000}, {""ask"": 0, ""bid"": 0, ""oi"": 371000, ""option_type"": ""CE"", ""strike_price"": 960, ""oich"": -156000}, {""ask"": 0, ""bid"": 0, ""oi"": 494000, ""option_type"": ""CE"", ""strike_price"": 890, ""oich"": 53000}, {""ask"": 0, ""bid"": 0, ""oi"": 233000, ""option_type"": ""PE"", ""strike_price"": 860, ""oich"": -7000}, {""ask"": 0, ""bid"": 0, ""oi"": 516000, ""option_type"": ""CE"", ""strike_price"": 880, ""oich"": 40000}, {""ask"": 0, ""bid"": 0, ""oi"": 349000, ""option_type"": ""PE"", ""strike_price"": 820, ""oich"": 23000}, {""ask"": 0, ""bid"": 0, ""oi"": 0, ""option_type"": ""CE"", ""strike_price"": 790, ""oich"": 0}, {""ask"": 0, ""bid"": 0, ""oi"": 1000, ""option_type"": ""CE"", ""strike_price"": 760, ""oich"": 0}, {""ask"": 0, ""bid"": 0, ""oi"": 0, ""option_type"": ""PE"", ""strike_price"": 1040, ""oich"": 0}, {""ask"": 0, ""bid"": 0, ""oi"": 407000, ""option_type"": ""PE"", ""strike_price"": 840, ""oich"": 47000}, {""ask"": 0, ""bid"": 0, ""oi"": 33000, ""option_type"": ""PE"", ""strike_price"": 920, ""oich"": 0}, {""ask"": 0, ""bid"": 0, ""oi"": 218000, ""option_type"": ""PE"", ""strike_price"": 900, ""oich"": -6000}, {""ask"": 0, ""bid"": 0, ""oi"": 265000, ""option_type"": ""PE"", ""strike_price"": 770, ""oich"": 1000}, {""ask"": 0, ""bid"": 0, ""oi"": 5000, ""option_type"": ""CE"", ""strike_price"": 780, ""oich"": 4000}, {""ask"": 0, ""bid"": 0, ""oi"": 352000, ""option_type"": ""PE"", ""strike_price"": 810, ""oich"": -18000}, {""ask"": 0, ""bid"": 0, ""oi"": 377000, ""option_type"": ""CE"", ""strike_price"": 920, ""oich"": -136000}, {""ask"": 0, ""bid"": 0, ""oi"": 10000, ""option_type"": ""PE"", ""strike_price"": 930, ""oich"": 0}, {""ask"": 0, ""bid"": 0, ""oi"": 803000, ""option_type"": ""CE"", ""strike_price"": 850, ""oich"": 45000}, {""ask"": 0, ""bid"": 0, ""oi"": 359000, ""option_type"": ""CE"", ""strike_price"": 870, ""oich"": -91000}, {""ask"": 0, ""bid"": 0, ""oi"": 103000, ""option_type"": ""CE"", ""strike_price"": 970, ""oich"": -14000}, {""ask"": 0, ""bid"": 0, ""oi"": 154000, ""option_type"": ""CE"", ""strike_price"": 980, ""oich"": -39000}, {""ask"": 0, ""bid"": 0, ""oi"": 5000, ""option_type"": ""CE"", ""strike_price"": 770, ""oich"": 0}, {""ask"": 0, ""bid"": 0, ""oi"": 250000, ""option_type"": ""PE"", ""strike_price"": 880, ""oich"": 4000}, {""ask"": 0, ""bid"": 0, ""oi"": 158000, ""option_type"": ""CE"", ""strike_price"": 1020, ""oich"": 1000}, {""ask"": 0, ""bid"": 0, ""oi"": 54000, ""option_type"": ""PE"", ""strike_price"": 950, ""oich"": 0}, {""ask"": 0, ""bid"": 0, ""oi"": 82000, ""option_type"": ""PE"", ""strike_price"": 750, ""oich"": -4000}, {""ask"": 0, ""bid"": 0, ""oi"": 344000, ""option_type"": ""PE"", ""strike_price"": 760, ""oich"": 29000}, {""ask"": 0, ""bid"": 0, ""oi"": 694000, ""option_type"": ""PE"", ""strike_price"": 850, ""oich"": -53000}, {""ask"": 0, ""bid"": 0, ""oi"": 110000, ""option_type"": ""PE"", ""strike_price"": 890, ""oich"": -3000}, {""ask"": 0, ""bid"": 0, ""oi"": 1298000, ""option_type"": ""CE"", ""strike_price"": 900, ""oich"": 32000}, {""ask"": 0, ""bid"": 0, ""oi"": 0, ""option_type"": ""PE"", ""strike_price"": 990, ""oich"": 0}, {""ask"": 0, ""bid"": 0, ""oi"": 289000, ""option_type"": ""PE"", ""strike_price"": 780, ""oich"": -22000}, {""ask"": 0, ""bid"": 0, ""oi"": 100000, ""option_type"": ""CE"", ""strike_price"": 830, ""oich"": 48000}, {""ask"": 0, ""bid"": 0, ""oi"": 26000, ""option_type"": ""PE"", ""strike_price"": 910, ""oich"": 0}, {""ask"": 0, ""bid"": 0, ""oi"": 23000, ""option_type"": ""PE"", ""strike_price"": 970, ""oich"": 0}, {""ask"": 0, ""bid"": 0, ""oi"": 0, ""option_type"": ""CE"", ""strike_price"": 700, ""oich"": 0}, {""ask"": 0, ""bid"": 0, ""oi"": 28000, ""option_type"": ""PE"", ""strike_price"": 740, ""oich"": -1000}, {""ask"": 0, ""bid"": 0, ""oi"": 12000, ""option_type"": ""CE"", ""strike_price"": 990, ""oich"": -26000}, {""ask"": 0, ""bid"": 0, ""oi"": 2000, ""option_type"": ""PE"", ""strike_price"": 1020, ""oich"": 0}, {""ask"": 0, ""bid"": 0, ""oi"": 256000, ""option_type"": ""CE"", ""strike_price"": 930, ""oich"": 25000}, {""ask"": 0, ""bid"": 0, ""oi"": 6000, ""option_type"": ""PE"", ""strike_price"": 940, ""oich"": 0}]",5617000,2026-01-19
7773000,,,"[{""ask"": 0, ""bid"": 0, ""oi"": 300000, ""option_type"": ""CE"", ""strike_price"": 930, ""oich"": 44000}, {""ask"": 0, ""bid"": 0, ""oi"": 6000, ""option_type"": ""PE"", ""strike_price"": 940, ""oich"": 0}, {""ask"": 0, ""bid"": 0, ""oi"": 1000, ""option_type"": ""PE"", ""strike_price"": 1000, ""oich"": 0}, {""ask"": 0, ""bid"": 0, ""oi"": 2000, ""option_type"": ""PE"", ""strike_price"": 1020, ""oich"": 0}, {""ask"": 0, ""bid"": 0, ""oi"": 12000, ""option_type"": ""CE"", ""strike_price"": 990, ""oich"": 0}, {""ask"": 0, ""bid"": 0, ""oi"": 30000, ""option_type"": ""PE"", ""strike_price"": 740, ""oich"": 2000}, {""ask"": 0, ""bid"": 0, ""oi"": 0, ""option_type"": ""CE"", ""strike_price"": 700, ""oich"": 0}, {""ask"": 0, ""bid"": 0, ""oi"": 635000, ""option_type"": ""CE"", ""strike_price"": 840, ""oich"": 298000}, {""ask"": 0, ""bid"": 0, ""oi"": 0, ""option_type"": ""CE"", ""strike_price"": 720, ""oich"": 0}, {""ask"": 0, ""bid"": 0, ""oi"": 125000, ""option_type"": ""CE"", ""strike_price"": 800, ""oich"": 79000}, {""ask"": 0, ""bid"": 0, ""oi"": 696000, ""option_type"": ""PE"", ""strike_price"": 800, ""oich"": -223000}, {""ask"": 0, ""bid"": 0, ""oi"": 323000, ""option_type"": ""CE"", ""strike_price"": 820, ""oich"": 289000}, {""ask"": 0, ""bid"": 0, ""oi"": 269000, ""option_type"": ""CE"", ""strike_price"": 920, ""oich"": -108000}, {""ask"": 0, ""bid"": 0, ""oi"": 10000, ""option_type"": ""PE"", ""strike_price"": 930, ""oich"": 0}, {""ask"": 0, ""bid"": 0, ""oi"": 5000, ""option_type"": ""CE"", ""strike_price"": 780, ""oich"": 0}, {""ask"": 0, ""bid"": 0, ""oi"": 297000, ""option_type"": ""PE"", ""strike_price"": 810, ""oich"": -55000}, {""ask"": 0, ""bid"": 0, ""oi"": 23000, ""option_type"": ""PE"", ""strike_price"": 970, ""oich"": 0}, {""ask"": 0, ""bid"": 0, ""oi"": 27000, ""option_type"": ""PE"", ""strike_price"": 910, ""oich"": 1000}, {""ask"": 0, ""bid"": 0, ""oi"": 334000, ""option_type"": ""CE"", ""strike_price"": 830, ""oich"": 234000}, {""ask"": 0, ""bid"": 0, ""oi"": 325000, ""option_type"": ""PE"", ""strike_price"": 780, ""oich"": 36000}, {""ask"": 0, ""bid"": 0, ""oi"": 454000, ""option_type"": ""CE"", ""strike_price"": 950, ""oich"": -40000}, {""ask"": 0, ""bid"": 0, ""oi"": 443000, ""option_type"": ""CE"", ""strike_price"": 1000, ""oich"": -1000}, {""ask"": 0, ""bid"": 0, ""oi"": 28000, ""option_type"": ""PE"", ""strike_price"": 960, ""oich"": 0}, {""ask"": 0, ""bid"": 0, ""oi"": 432000, ""option_type"": ""CE"", ""strike_price"": 860, ""oich"": 82000}, {""ask"": 0, ""bid"": 0, ""oi"": 1058000, ""option_type"": ""CE"", ""strike_price"": 900, ""oich"": -240000}, {""ask"": 0, ""bid"": 0, ""oi"": 576000, ""option_type"": ""PE"", ""strike_price"": 850, ""oich"": -118000}, {""ask"": 0, ""bid"": 0, ""oi"": 327000, ""option_type"": ""PE"", ""strike_price"": 760, ""oich"": -17000}, {""ask"": 0, ""bid"": 0, ""oi"": 114000, ""option_type"": ""PE"", ""strike_price"": 750, ""oich"": 32000}, {""ask"": 0, ""bid"": 0, ""oi"": 105000, ""option_type"": ""PE"", ""strike_price"": 890, ""oich"": -5000}, {""ask"": 0, ""bid"": 0, ""oi"": 0, ""option_type"": ""PE"", ""strike_price"": 990, ""oich"": 0}, {""ask"": 0, ""bid"": 0, ""oi"": 54000, ""option_type"": ""PE"", ""strike_price"": 950, ""oich"": 0}, {""ask"": 0, ""bid"": 0, ""oi"": 0, ""option_type"": ""CE"", ""strike_price"": 810, ""oich"": 0}, {""ask"": 0, ""bid"": 0, ""oi"": 520000, ""option_type"": ""PE"", ""strike_price"": 790, ""oich"": 298000}, {""ask"": 0, ""bid"": 0, ""oi"": 8000, ""option_type"": ""CE"", ""strike_price"": 750, ""oich"": 0}, {""ask"": 0, ""bid"": 0, ""oi"": 25000, ""option_type"": ""PE"", ""strike_price"": 700, ""oich"": 1000}, {""ask"": 0, ""bid"": 0, ""oi"": 213000, ""option_type"": ""CE"", ""strike_price"": 940, ""oich"": -67000}, {""ask"": 0, ""bid"": 0, ""oi"": 9000, ""option_type"": ""CE"", ""strike_price"": 1040, ""oich"": 0}, {""ask"": 0, ""bid"": 0, ""oi"": 7000, ""option_type"": ""PE"", ""strike_price"": 980, ""oich"": 0}, {""ask"": 0, ""bid"": 0, ""oi"": 332000, ""option_type"": ""PE"", ""strike_price"": 830, ""oich"": -49000}, {""ask"": 0, ""bid"": 0, ""oi"": 253000, ""option_type"": ""PE"", ""strike_price"": 770, ""oich"": -12000}, {""ask"": 0, ""bid"": 0, ""oi"": 0, ""option_type"": ""CE"", ""strike_price"": 740, ""oich"": 0}, {""ask"": 0, ""bid"": 0, ""oi"": 22000, ""option_type"": ""PE"", ""strike_price"": 720, ""oich"": 0}, {""ask"": 0, ""bid"": 0, ""oi"": 240000, ""option_type"": ""PE"", ""strike_price"": 870, ""oich"": 2000}, {""ask"": 0, ""bid"": 0, ""oi"": 1000, ""option_type"": ""CE"", ""strike_price"": 760, ""oich"": 0}, {""ask"": 0, ""bid"": 0, ""oi"": 360000, ""option_type"": ""PE"", ""strike_price"": 820, ""oich"": 11000}, {""ask"": 0, ""bid"": 0, ""oi"": 335000, ""option_type"": ""PE"", ""strike_price"": 840, ""oich"": -72000}, {""ask"": 0, ""bid"": 0, ""oi"": 482000, ""option_type"": ""CE"", ""strike_price"": 880, ""oich"": -34000}, {""ask"": 0, ""bid"": 0, ""oi"": 211000, ""option_type"": ""PE"", ""strike_price"": 900, ""oich"": -7000}, {""ask"": 0, ""bid"": 0, ""oi"": 37000, ""option_type"": ""PE"", ""strike_price"": 920, ""oich"": 4000}, {""ask"": 0, ""bid"": 0, ""oi"": 0, ""option_type"": ""PE"", ""strike_price"": 1040, ""oich"": 0}, {""ask"": 0, ""bid"": 0, ""oi"": 0, ""option_type"": ""CE"", ""strike_price"": 790, ""oich"": 0}, {""ask"": 0, ""bid"": 0, ""oi"": 159000, ""option_type"": ""CE"", ""strike_price"": 1020, ""oich"": 1000}, {""ask"": 0, ""bid"": 0, ""oi"": 151000, ""option_type"": ""CE"", ""strike_price"": 980, ""oich"": -3000}, {""ask"": 0, ""bid"": 0, ""oi"": 100000, ""option_type"": ""CE"", ""strike_price"": 970, ""oich"": -3000}, {""ask"": 0, ""bid"": 0, ""oi"": 242000, ""option_type"": ""PE"", ""strike_price"": 880, ""oich"": -8000}, {""ask"": 0, ""bid"": 0, ""oi"": 353000, ""option_type"": ""CE"", ""strike_price"": 870, ""oich"": -6000}, {""ask"": 0, ""bid"": 0, ""oi"": 984000, ""option_type"": ""CE"", ""strike_price"": 850, ""oich"": 181000}, {""ask"": 0, ""bid"": 0, ""oi"": 5000, ""option_type"": ""CE"", ""strike_price"": 770, ""oich"": 0}, {""ask"": 0, ""bid"": 0, ""oi"": 193000, ""option_type"": ""PE"", ""strike_price"": 860, ""oich"": -40000}, {""ask"": 0, ""bid"": 0, ""oi"": 316000, ""option_type"": ""CE"", ""strike_price"": 890, ""oich"": -178000}, {""ask"": 0, ""bid"": 0, ""oi"": 320000, ""option_type"": ""CE"", ""strike_price"": 960, ""oich"": -51000}, {""ask"": 0, ""bid"": 0, ""oi"": 282000, ""option_type"": ""CE"", ""strike_price"": 910, ""oich"": -21000}]",5398000,2026-01-20
8224000,,,"[{""ask"": 0, ""bid"": 0, ""oi"": 120000, ""option_type"": ""CE"", ""strike_price"": 780, ""oich"": 115000}, {""ask"": 0, ""bid"": 0, ""oi"": 251000, ""option_type"": ""PE"", ""strike_price"": 810, ""oich"": -46000}, {""ask"": 0, ""bid"": 0, ""oi"": 228000, ""option_type"": ""CE"", ""strike_price"": 920, ""oich"": -41000}, {""ask"": 0, ""bid"": 0, ""oi"": 541000, ""option_type"": ""CE"", ""strike_price"": 800, ""oich"": 416000}, {""ask"": 0, ""bid"": 0, ""oi"": 0, ""option_type"": ""CE"", ""strike_price"": 680, ""oich"": 0}, {""ask"": 0, ""bid"": 0, ""oi"": 0, ""option_type"": ""CE"", ""strike_price"": 720, ""oich"": 0}, {""ask"": 0, ""bid"": 0, ""oi"": 414000, ""option_type"": ""PE"", ""strike_price"": 800, ""oich"": -282000}, {""ask"": 0, ""bid"": 0, ""oi"": 535000, ""option_type"": ""CE"", ""strike_price"": 820, ""oich"": 212000}, {""ask"": 0, ""bid"": 0, ""oi"": 604000, ""option_type"": ""CE"", ""strike_price"": 840, ""oich"": -31000}, {""ask"": 0, ""bid"": 0, ""oi"": 0, ""option_type"": ""PE"", ""strike_price"": 680, ""oich"": 0}, {""ask"": 0, ""bid"": 0, ""oi"": 267000, ""option_type"": ""CE"", ""strike_price"": 910, ""oich"": -15000}, {""ask"": 0, ""bid"": 0, ""oi"": 314000, ""option_type"": ""CE"", ""strike_price"": 930, ""oich"": 14000}, {""ask"": 0, ""bid"": 0, ""oi"": 6000, ""option_type"": ""PE"", ""strike_price"": 940, ""oich"": 0}, {""ask"": 0, ""bid"": 0, ""oi"": 1000, ""option_type"": ""PE"", ""strike_price"": 1000, ""oich"": 0}, {""ask"": 0, ""bid"": 0, ""oi"": 0, ""option_type"": ""PE"", ""strike_price"": 1040, ""oich"": 0}, {""ask"": 0, ""bid"": 0, ""oi"": 36000, ""option_type"": ""PE"", ""strike_price"": 920, ""oich"": -1000}, {""ask"": 0, ""bid"": 0, ""oi"": 192000, ""option_type"": ""PE"", ""strike_price"": 900, ""oich"": -19000}, {""ask"": 0, ""bid"": 0, ""oi"": 590000, ""option_type"": ""CE"", ""strike_price"": 880, ""oich"": 108000}, {""ask"": 0, ""bid"": 0, ""oi"": 1000, ""option_type"": ""CE"", ""strike_price"": 760, ""oich"": 0}, {""ask"": 0, ""bid"": 0, ""oi"": 82000, ""option_type"": ""CE"", ""strike_price"": 790, ""oich"": 82000}, {""ask"": 0, ""bid"": 0, ""oi"": 293000, ""option_type"": ""PE"", ""strike_price"": 820, ""oich"": -67000}, {""ask"": 0, ""bid"": 0, ""oi"": 307000, ""option_type"": ""PE"", ""strike_price"": 840, ""oich"": -28000}, {""ask"": 0, ""bid"": 0, ""oi"": 256000, ""option_type"": ""PE"", ""strike_price"": 790, ""oich"": -264000}, {""ask"": 0, ""bid"": 0, ""oi"": 6000, ""option_type"": ""CE"", ""strike_price"": 750, ""oich"": -2000}, {""ask"": 0, ""bid"": 0, ""oi"": 26000, ""option_type"": ""PE"", ""strike_price"": 700, ""oich"": 1000}, {""ask"": 0, ""bid"": 0, ""oi"": 344000, ""option_type"": ""CE"", ""strike_price"": 810, ""oich"": 344000}, {""ask"": 0, ""bid"": 0, ""oi"": 181000, ""option_type"": ""CE"", ""strike_price"": 940, ""oich"": -32000}, {""ask"": 0, ""bid"": 0, ""oi"": 9000, ""option_type"": ""CE"", ""strike_price"": 1040, ""oich"": 0}, {""ask"": 0, ""bid"": 0, ""oi"": 22000, ""option_type"": ""PE"", ""strike_price"": 720, ""oich"": 0}, {""ask"": 0, ""bid"": 0, ""oi"": 0, ""option_type"": ""CE"", ""strike_price"": 740, ""oich"": 0}, {""ask"": 0, ""bid"": 0, ""oi"": 617000, ""option_type"": ""PE"", ""strike_price"": 770, ""oich"": 364000}, {""ask"": 0, ""bid"": 0, ""oi"": 286000, ""option_type"": ""PE"", ""strike_price"": 830, ""oich"": -46000}, {""ask"": 0, ""bid"": 0, ""oi"": 236000, ""option_type"": ""PE"", ""strike_price"": 870, ""oich"": -4000}, {""ask"": 0, ""bid"": 0, ""oi"": 7000, ""option_type"": ""PE"", ""strike_price"": 980, ""oich"": 0}, {""ask"": 0, ""bid"": 0, ""oi"": 274000, ""option_type"": ""CE"", ""strike_price"": 960, ""oich"": -46000}, {""ask"": 0, ""bid"": 0, ""oi"": 168000, ""option_type"": ""CE"", ""strike_price"": 890, ""oich"": -148000}, {""ask"": 0, ""bid"": 0, ""oi"": 171000, ""option_type"": ""PE"", ""strike_price"": 860, ""oich"": -22000}, {""ask"": 0, ""bid"": 0, ""oi"": 16000, ""option_type"": ""PE"", ""strike_price"": 910, ""oich"": -11000}, {""ask"": 0, ""bid"": 0, ""oi"": 384000, ""option_type"": ""CE"", ""strike_price"": 830, ""oich"": 50000}, {""ask"": 0, ""bid"": 0, ""oi"": 286000, ""option_type"": ""PE"", ""strike_price"": 780, ""oich"": -39000}, {""ask"": 0, ""bid"": 0, ""oi"": 23000, ""option_type"": ""PE"", ""strike_price"": 970, ""oich"": 0}, {""ask"": 0, ""bid"": 0, ""oi"": 158000, ""option_type"": ""CE"", ""strike_price"": 1020, ""oich"": -1000}, {""ask"": 0, ""bid"": 0, ""oi"": 149000, ""option_type"": ""CE"", ""strike_price"": 980, ""oich"": -2000}, {""ask"": 0, ""bid"": 0, ""oi"": 79000, ""option_type"": ""CE"", ""strike_price"": 970, ""oich"": -21000}, {""ask"": 0, ""bid"": 0, ""oi"": 231000, ""option_type"": ""PE"", ""strike_price"": 880, ""oich"": -11000}, {""ask"": 0, ""bid"": 0, ""oi"": 269000, ""option_type"": ""CE"", ""strike_price"": 870, ""oich"": -84000}, {""ask"": 0, ""bid"": 0, ""oi"": 870000, ""option_type"": ""CE"", ""strike_price"": 850, ""oich"": -114000}, {""ask"": 0, ""bid"": 0, ""oi"": 5000, ""option_type"": ""CE"", ""strike_price"": 770, ""oich"": 0}, {""ask"": 0, ""bid"": 0, ""oi"": 0, ""option_type"": ""PE"", ""strike_price"": 730, ""oich"": 0}, {""ask"": 0, ""bid"": 0, ""oi"": 215000, ""option_type"": ""PE"", ""strike_price"": 750, ""oich"": 101000}, {""ask"": 0, ""bid"": 0, ""oi"": 50000, ""option_type"": ""PE"", ""strike_price"": 950, ""oich"": -4000}, {""ask"": 0, ""bid"": 0, ""oi"": 0, ""option_type"": ""PE"", ""strike_price"": 990, ""oich"": 0}, {""ask"": 0, ""bid"": 0, ""oi"": 596000, ""option_type"": ""PE"", ""strike_price"": 760, ""oich"": 269000}, {""ask"": 0, ""bid"": 0, ""oi"": 540000, ""option_type"": ""PE"", ""strike_price"": 850, ""oich"": -36000}, {""ask"": 0, ""bid"": 0, ""oi"": 104000, ""option_type"": ""PE"", ""strike_price"": 890, ""oich"": -1000}, {""ask"": 0, ""bid"": 0, ""oi"": 848000, ""option_type"": ""CE"", ""strike_price"": 900, ""oich"": -210000}, {""ask"": 0, ""bid"": 0, ""oi"": 448000, ""option_type"": ""CE"", ""strike_price"": 950, ""oich"": -6000}, {""ask"": 0, ""bid"": 0, ""oi"": 362000, ""option_type"": ""CE"", ""strike_price"": 860, ""oich"": -70000}, {""ask"": 0, ""bid"": 0, ""oi"": 0, ""option_type"": ""CE"", ""strike_price"": 730, ""oich"": 0}, {""ask"": 0, ""bid"": 0, ""oi"": 28000, ""option_type"": ""PE"", ""strike_price"": 960, ""oich"": 0}, {""ask"": 0, ""bid"": 0, ""oi"": 374000, ""option_type"": ""CE"", ""strike_price"": 1000, ""oich"": -69000}, {""ask"": 0, ""bid"": 0, ""oi"": 2000, ""option_type"": ""CE"", ""strike_price"": 700, ""oich"": 2000}, {""ask"": 0, ""bid"": 0, ""oi"": 2000, ""option_type"": ""PE"", ""strike_price"": 1020, ""oich"": 0}, {""ask"": 0, ""bid"": 0, ""oi"": 12000, ""option_type"": ""CE"", ""strike_price"": 990, ""oich"": 0}, {""ask"": 0, ""bid"": 0, ""oi"": 65000, ""option_type"": ""PE"", ""strike_price"": 740, ""oich"": 35000}, {""ask"": 0, ""bid"": 0, ""oi"": 10000, ""option_type"": ""PE"", ""strike_price"": 930, ""oich"": 0}]",5287000,2026-01-21
7097000,,,"[{""ask"": 0, ""bid"": 0, ""oi"": 0, ""option_type"": ""CE"", ""strike_price"": 720, ""oich"": 0}, {""ask"": 0, ""bid"": 0, ""oi"": 173000, ""option_type"": ""CE"", ""strike_price"": 910, ""oich"": -94000}, {""ask"": 0, ""bid"": 0, ""oi"": 0, ""option_type"": ""PE"", ""strike_price"": 680, ""oich"": 0}, {""ask"": 0, ""bid"": 0, ""oi"": 0, ""option_type"": ""PE"", ""strike_price"": 640, ""oich"": 0}, {""ask"": 0, ""bid"": 0, ""oi"": 1000, ""option_type"": ""PE"", ""strike_price"": 1000, ""oich"": 0}, {""ask"": 0, ""bid"": 0, ""oi"": 6000, ""option_type"": ""PE"", ""strike_price"": 940, ""oich"": 0}, {""ask"": 0, ""bid"": 0, ""oi"": 273000, ""option_type"": ""CE"", ""strike_price"": 930, ""oich"": -41000}, {""ask"": 0, ""bid"": 0, ""oi"": 9000, ""option_type"": ""PE"", ""strike_price"": 930, ""oich"": -1000}, {""ask"": 0, ""bid"": 0, ""oi"": 188000, ""option_type"": ""CE"", ""strike_price"": 920, ""oich"": -40000}, {""ask"": 0, ""bid"": 0, ""oi"": 216000, ""option_type"": ""PE"", ""strike_price"": 810, ""oich"": -35000}, {""ask"": 0, ""bid"": 0, ""oi"": 110000, ""option_type"": ""CE"", ""strike_price"": 780, ""oich"": -10000}, {""ask"": 0, ""bid"": 0, ""oi"": 0, ""option_type"": ""CE"", ""strike_price"": 690, ""oich"": 0}, {""ask"": 0, ""bid"": 0, ""oi"": 8000, ""option_type"": ""CE"", ""strike_price"": 770, ""oich"": 3000}, {""ask"": 0, ""bid"": 0, ""oi"": 0, ""option_type"": ""CE"", ""strike_price"": 640, ""oich"": 0}, {""ask"": 0, ""bid"": 0, ""oi"": 62000, ""option_type"": ""CE"", ""strike_price"": 1020, ""oich"": -96000}, {""ask"": 0, ""bid"": 0, ""oi"": 138000, ""option_type"": ""CE"", ""strike_price"": 980, ""oich"": -11000}, {""ask"": 0, ""bid"": 0, ""oi"": 0, ""option_type"": ""PE"", ""strike_price"": 730, ""oich"": 0}, {""ask"": 0, ""bid"": 0, ""oi"": 73000, ""option_type"": ""CE"", ""strike_price"": 970, ""oich"": -6000}, {""ask"": 0, ""bid"": 0, ""oi"": 143000, ""option_type"": ""PE"", ""strike_price"": 880, ""oich"": -88000}, {""ask"": 0, ""bid"": 0, ""oi"": 254000, ""option_type"": ""CE"", ""strike_price"": 870, ""oich"": -15000}, {""ask"": 0, ""bid"": 0, ""oi"": 807000, ""option_type"": ""CE"", ""strike_price"": 850, ""oich"": -63000}, {""ask"": 0, ""bid"": 0, ""oi"": 0, ""option_type"": ""PE"", ""strike_price"": 710, ""oich"": 0}, {""ask"": 0, ""bid"": 0, ""oi"": 175000, ""option_type"": ""PE"", ""strike_price"": 750, ""oich"": -40000}, {""ask"": 0, ""bid"": 0, ""oi"": 577000, ""option_type"": ""PE"", ""strike_price"": 760, ""oich"": -19000}, {""ask"": 0, ""bid"": 0, ""oi"": 523000, ""option_type"": ""PE"", ""strike_price"": 850, ""oich"": -17000}, {""ask"": 0, ""bid"": 0, ""oi"": 101000, ""option_type"": ""PE"", ""strike_price"": 890, ""oich"": -3000}, {""ask"": 0, ""bid"": 0, ""oi"": 690000, ""option_type"": ""CE"", ""strike_price"": 900, ""oich"": -158000}, {""ask"": 0, ""bid"": 0, ""oi"": 48000, ""option_type"": ""PE"", ""strike_price"": 950, ""oich"": -2000}, {""ask"": 0, ""bid"": 0, ""oi"": 0, ""option_type"": ""PE"", ""strike_price"": 990, ""oich"": 0}, {""ask"": 0, ""bid"": 0, ""oi"": 2000, ""option_type"": ""CE"", ""strike_price"": 1040, ""oich"": -7000}, {""ask"": 0, ""bid"": 0, ""oi"": 136000, ""option_type"": ""CE"", ""strike_price"": 940, ""oich"": -45000}, {""ask"": 0, ""bid"": 0, ""oi"": 287000, ""option_type"": ""CE"", ""strike_price"": 810, ""oich"": -57000}, {""ask"": 0, ""bid"": 0, ""oi"": 214000, ""option_type"": ""PE"", ""strike_price"": 790, ""oich"": -42000}, {""ask"": 0, ""bid"": 0, ""oi"": 6000, ""option_type"": ""CE"", ""strike_price"": 750, ""oich"": 0}, {""ask"": 0, ""bid"": 0, ""oi"": 23000, ""option_type"": ""PE"", ""strike_price"": 700, ""oich"": -3000}, {""ask"": 0, ""bid"": 0, ""oi"": 157000, ""option_type"": ""PE"", ""strike_price"": 860, ""oich"": -14000}, {""ask"": 0, ""bid"": 0, ""oi"": 0, ""option_type"": ""CE"", ""strike_price"": 710, ""oich"": 0}, {""ask"": 0, ""bid"": 0, ""oi"": 243000, ""option_type"": ""CE"", ""strike_price"": 960, ""oich"": -31000}, {""ask"": 0, ""bid"": 0, ""oi"": 156000, ""option_type"": ""CE"", ""strike_price"": 890, ""oich"": -12000}, {""ask"": 0, ""bid"": 0, ""oi"": 10000, ""option_type"": ""CE"", ""strike_price"": 760, ""oich"": 9000}, {""ask"": 0, ""bid"": 0, ""oi"": 123000, ""option_type"": ""CE"", ""strike_price"": 790, ""oich"": 41000}, {""ask"": 0, ""bid"": 0, ""oi"": 233000, ""option_type"": ""PE"", ""strike_price"": 820, ""oich"": -60000}, {""ask"": 0, ""bid"": 0, ""oi"": 297000, ""option_type"": ""PE"", ""strike_price"": 840, ""oich"": -10000}, {""ask"": 0, ""bid"": 0, ""oi"": 551000, ""option_type"": ""CE"", ""strike_price"": 880, ""oich"": -39000}, {""ask"": 0, ""bid"": 0, ""oi"": 168000, ""option_type"": ""PE"", ""strike_price"": 900, ""oich"": -24000}, {""ask"": 0, ""bid"": 0, ""oi"": 30000, ""option_type"": ""PE"", ""strike_price"": 920, ""oich"": -6000}, {""ask"": 0, ""bid"": 0, ""oi"": 0, ""option_type"": ""PE"", ""strike_price"": 1040, ""oich"": 0}, {""ask"": 0, ""bid"": 0, ""oi"": 0, ""option_type"": ""CE"", ""strike_price"": 730, ""oich"": 0}, {""ask"": 0, ""bid"": 0, ""oi"": 432000, ""option_type"": ""CE"", ""strike_price"": 860, ""oich"": 70000}, {""ask"": 0, ""bid"": 0, ""oi"": 438000, ""option_type"": ""CE"", ""strike_price"": 950, ""oich"": -10000}, {""ask"": 0, ""bid"": 0, ""oi"": 28000, ""option_type"": ""PE"", ""strike_price"": 960, ""oich"": 0}, {""ask"": 0, ""bid"": 0, ""oi"": 350000, ""option_type"": ""CE"", ""strike_price"": 1000, ""oich"": -24000}, {""ask"": 0, ""bid"": 0, ""oi"": 2000, ""option_type"": ""PE"", ""strike_price"": 1020, ""oich"": 0}, {""ask"": 0, ""bid"": 0, ""oi"": 10000, ""option_type"": ""CE"", ""strike_price"": 990, ""oich"": -2000}, {""ask"": 0, ""bid"": 0, ""oi"": 78000, ""option_type"": ""PE"", ""strike_price"": 740, ""oich"": 13000}, {""ask"": 0, ""bid"": 0, ""oi"": 3000, ""option_type"": ""CE"", ""strike_price"": 700, ""oich"": 1000}, {""ask"": 0, ""bid"": 0, ""oi"": 0, ""option_type"": ""PE"", ""strike_price"": 660, ""oich"": 0}, {""ask"": 0, ""bid"": 0, ""oi"": 0, ""option_type"": ""PE"", ""strike_price"": 690, ""oich"": 0}, {""ask"": 0, ""bid"": 0, ""oi"": 367000, ""option_type"": ""PE"", ""strike_price"": 780, ""oich"": 81000}, {""ask"": 0, ""bid"": 0, ""oi"": 251000, ""option_type"": ""CE"", ""strike_price"": 830, ""oich"": -133000}, {""ask"": 0, ""bid"": 0, ""oi"": 16000, ""option_type"": ""PE"", ""strike_price"": 910, ""oich"": 0}, {""ask"": 0, ""bid"": 0, ""oi"": 23000, ""option_type"": ""PE"", ""strike_price"": 970, ""oich"": 0}, {""ask"": 0, ""bid"": 0, ""oi"": 23000, ""option_type"": ""PE"", ""strike_price"": 720, ""oich"": 1000}, {""ask"": 0, ""bid"": 0, ""oi"": 0, ""option_type"": ""CE"", ""strike_price"": 740, ""oich"": 0}, {""ask"": 0, ""bid"": 0, ""oi"": 652000, ""option_type"": ""PE"", ""strike_price"": 770, ""oich"": 35000}, {""ask"": 0, ""bid"": 0, ""oi"": 214000, ""option_type"": ""PE"", ""strike_price"": 830, ""oich"": -72000}, {""ask"": 0, ""bid"": 0, ""oi"": 211000, ""option_type"": ""PE"", ""strike_price"": 870, ""oich"": -25000}, {""ask"": 0, ""bid"": 0, ""oi"": 7000, ""option_type"": ""PE"", ""strike_price"": 980, ""oich"": 0}, {""ask"": 0, ""bid"": 0, ""oi"": 364000, ""option_type"": ""CE"", ""strike_price"": 800, ""oich"": -177000}, {""ask"": 0, ""bid"": 0, ""oi"": 360000, ""option_type"": ""PE"", ""strike_price"": 800, ""oich"": -54000}, {""ask"": 0, ""bid"": 0, ""oi"": 388000, ""option_type"": ""CE"", ""strike_price"": 820, ""oich"": -147000}, {""ask"": 0, ""bid"": 0, ""oi"": 571000, ""option_type"": ""CE"", ""strike_price"": 840, ""oich"": -33000}, {""ask"": 0, ""bid"": 0, ""oi"": 0, ""option_type"": ""CE"", ""strike_price"": 660, ""oich"": 0}, {""ask"": 0, ""bid"": 0, ""oi"": 0, ""option_type"": ""CE"", ""strike_price"": 680, ""oich"": 0}]",4902000,2026-01-22
6135000,,,"[{""ask"": 0, ""bid"": 0, ""oi"": 0, ""option_type"": ""CE"", ""strike_price"": 660, ""oich"": 0}, {""ask"": 0, ""bid"": 0, ""oi"": 504000, ""option_type"": ""CE"", ""strike_price"": 840, ""oich"": -67000}, {""ask"": 0, ""bid"": 0, ""oi"": 257000, ""option_type"": ""CE"", ""strike_price"": 820, ""oich"": -131000}, {""ask"": 0, ""bid"": 0, ""oi"": 209000, ""option_type"": ""PE"", ""strike_price"": 800, ""oich"": -151000}, {""ask"": 0, ""bid"": 0, ""oi"": 384000, ""option_type"": ""CE"", ""strike_price"": 800, ""oich"": 20000}, {""ask"": 0, ""bid"": 0, ""oi"": 0, ""option_type"": ""CE"", ""strike_price"": 720, ""oich"": 0}, {""ask"": 0, ""bid"": 0, ""oi"": 0, ""option_type"": ""CE"", ""strike_price"": 680, ""oich"": 0}, {""ask"": 0, ""bid"": 0, ""oi"": 32000, ""option_type"": ""PE"", ""strike_price"": 920, ""oich"": 2000}, {""ask"": 0, ""bid"": 0, ""oi"": 34000, ""option_type"": ""CE"", ""strike_price"": 760, ""oich"": 24000}, {""ask"": 0, ""bid"": 0, ""oi"": 105000, ""option_type"": ""CE"", ""strike_price"": 790, ""oich"": -18000}, {""ask"": 0, ""bid"": 0, ""oi"": 126000, ""option_type"": ""PE"", ""strike_price"": 820, ""oich"": -107000}, {""ask"": 0, ""bid"": 0, ""oi"": 259000, ""option_type"": ""PE"", ""strike_price"": 840, ""oich"": -38000}, {""ask"": 0, ""bid"": 0, ""oi"": 531000, ""option_type"": ""CE"", ""strike_price"": 880, ""oich"": -20000}, {""ask"": 0, ""bid"": 0, ""oi"": 143000, ""option_type"": ""PE"", ""strike_price"": 900, ""oich"": -25000}, {""ask"": 0, ""bid"": 0, ""oi"": 0, ""option_type"": ""PE"", ""strike_price"": 1040, ""oich"": 0}, {""ask"": 0, ""bid"": 0, ""oi"": 7000, ""option_type"": ""PE"", ""strike_price"": 980, ""oich"": 0}, {""ask"": 0, ""bid"": 0, ""oi"": 199000, ""option_type"": ""PE"", ""strike_price"": 870, ""oich"": -12000}, {""ask"": 0, ""bid"": 0, ""oi"": 169000, ""option_type"": ""PE"", ""strike_price"": 830, ""oich"": -45000}, {""ask"": 0, ""bid"": 0, ""oi"": 232000, ""option_type"": ""PE"", ""strike_price"": 770, ""oich"": -420000}, {""ask"": 0, ""bid"": 0, ""oi"": 0, ""option_type"": ""CE"", ""strike_price"": 740, ""oich"": 0}, {""ask"": 0, ""bid"": 0, ""oi"": 23000, ""option_type"": ""PE"", ""strike_price"": 720, ""oich"": 0}, {""ask"": 0, ""bid"": 0, ""oi"": 218000, ""option_type"": ""CE"", ""strike_price"": 810, ""oich"": -69000}, {""ask"": 0, ""bid"": 0, ""oi"": 116000, ""option_type"": ""CE"", ""strike_price"": 940, ""oich"": -20000}, {""ask"": 0, ""bid"": 0, ""oi"": 1000, ""option_type"": ""CE"", ""strike_price"": 1040, ""oich"": -1000}, {""ask"": 0, ""bid"": 0, ""oi"": 22000, ""option_type"": ""PE"", ""strike_price"": 700, ""oich"": -1000}, {""ask"": 0, ""bid"": 0, ""oi"": 6000, ""option_type"": ""CE"", ""strike_price"": 750, ""oich"": 0}, {""ask"": 0, ""bid"": 0, ""oi"": 112000, ""option_type"": ""PE"", ""strike_price"": 790, ""oich"": -102000}, {""ask"": 0, ""bid"": 0, ""oi"": 327000, ""option_type"": ""CE"", ""strike_price"": 1000, ""oich"": -23000}, {""ask"": 0, ""bid"": 0, ""oi"": 27000, ""option_type"": ""PE"", ""strike_price"": 960, ""oich"": -1000}, {""ask"": 0, ""bid"": 0, ""oi"": 0, ""option_type"": ""CE"", ""strike_price"": 730, ""oich"": 0}, {""ask"": 0, ""bid"": 0, ""oi"": 393000, ""option_type"": ""CE"", ""strike_price"": 860, ""oich"": -39000}, {""ask"": 0, ""bid"": 0, ""oi"": 348000, ""option_type"": ""CE"", ""strike_price"": 950, ""oich"": -90000}, {""ask"": 0, ""bid"": 0, ""oi"": 0, ""option_type"": ""PE"", ""strike_price"": 1000, ""oich"": -1000}, {""ask"": 0, ""bid"": 0, ""oi"": 6000, ""option_type"": ""PE"", ""strike_price"": 940, ""oich"": 0}, {""ask"": 0, ""bid"": 0, ""oi"": 0, ""option_type"": ""PE"", ""strike_price"": 640, ""oich"": 0}, {""ask"": 0, ""bid"": 0, ""oi"": 0, ""option_type"": ""PE"", ""strike_price"": 680, ""oich"": 0}, {""ask"": 0, ""bid"": 0, ""oi"": 151000, ""option_type"": ""CE"", ""strike_price"": 910, ""oich"": -22000}, {""ask"": 0, ""bid"": 0, ""oi"": 195000, ""option_type"": ""CE"", ""strike_price"": 930, ""oich"": -78000}, {""ask"": 0, ""bid"": 0, ""oi"": 0, ""option_type"": ""CE"", ""strike_price"": 690, ""oich"": 0}, {""ask"": 0, ""bid"": 0, ""oi"": 63000, ""option_type"": ""CE"", ""strike_price"": 780, ""oich"": -47000}, {""ask"": 0, ""bid"": 0, ""oi"": 164000, ""option_type"": ""PE"", ""strike_price"": 810, ""oich"": -52000}, {""ask"": 0, ""bid"": 0, ""oi"": 174000, ""option_type"": ""CE"", ""strike_price"": 920, ""oich"": -14000}, {""ask"": 0, ""bid"": 0, ""oi"": 9000, ""option_type"": ""PE"", ""strike_price"": 930, ""oich"": 0}, {""ask"": 0, ""bid"": 0, ""oi"": 0, ""option_type"": ""CE"", ""strike_price"": 640, ""oich"": 0}, {""ask"": 0, ""bid"": 0, ""oi"": 0, ""option_type"": ""PE"", ""strike_price"": 730, ""oich"": 0}, {""ask"": 0, ""bid"": 0, ""oi"": 20000, ""option_type"": ""CE"", ""strike_price"": 770, ""oich"": 12000}, {""ask"": 0, ""bid"": 0, ""oi"": 768000, ""option_type"": ""CE"", ""strike_price"": 850, ""oich"": -39000}, {""ask"": 0, ""bid"": 0, ""oi"": 225000, ""option_type"": ""CE"", ""strike_price"": 870, ""oich"": -29000}, {""ask"": 0, ""bid"": 0, ""oi"": 107000, ""option_type"": ""PE"", ""strike_price"": 880, ""oich"": -36000}, {""ask"": 0, ""bid"": 0, ""oi"": 58000, ""option_type"": ""CE"", ""strike_price"": 1020, ""oich"": -4000}, {""ask"": 0, ""bid"": 0, ""oi"": 141000, ""option_type"": ""CE"", ""strike_price"": 980, ""oich"": 3000}, {""ask"": 0, ""bid"": 0, ""oi"": 39000, ""option_type"": ""CE"", ""strike_price"": 970, ""oich"": -34000}, {""ask"": 0, ""bid"": 0, ""oi"": 23000, ""option_type"": ""PE"", ""strike_price"": 970, ""oich"": 0}, {""ask"": 0, ""bid"": 0, ""oi"": 16000, ""option_type"": ""PE"", ""strike_price"": 910, ""oich"": 0}, {""ask"": 0, ""bid"": 0, ""oi"": 187000, ""option_type"": ""CE"", ""strike_price"": 830, ""oich"": -64000}, {""ask"": 0, ""bid"": 0, ""oi"": 164000, ""option_type"": ""PE"", ""strike_price"": 780, ""oich"": -203000}, {""ask"": 0, ""bid"": 0, ""oi"": 0, ""option_type"": ""PE"", ""strike_price"": 690, ""oich"": 0}, {""ask"": 0, ""bid"": 0, ""oi"": 0, ""option_type"": ""PE"", ""strike_price"": 660, ""oich"": 0}, {""ask"": 0, ""bid"": 0, ""oi"": 218000, ""option_type"": ""CE"", ""strike_price"": 960, ""oich"": -25000}, {""ask"": 0, ""bid"": 0, ""oi"": 181000, ""option_type"": ""CE"", ""strike_price"": 890, ""oich"": 25000}, {""ask"": 0, ""bid"": 0, ""oi"": 142000, ""option_type"": ""PE"", ""strike_price"": 860, ""oich"": -15000}, {""ask"": 0, ""bid"": 0, ""oi"": 0, ""option_type"": ""CE"", ""strike_price"": 710, ""oich"": 0}, {""ask"": 0, ""bid"": 0, ""oi"": 483000, ""option_type"": ""PE"", ""strike_price"": 850, ""oich"": -40000}, {""ask"": 0, ""bid"": 0, ""oi"": 936000, ""option_type"": ""PE"", ""strike_price"": 760, ""oich"": 359000}, {""ask"": 0, ""bid"": 0, ""oi"": 172000, ""option_type"": ""PE"", ""strike_price"": 750, ""oich"": -3000}, {""ask"": 0, ""bid"": 0, ""oi"": 0, ""option_type"": ""PE"", ""strike_price"": 710, ""oich"": 0}, {""ask"": 0, ""bid"": 0, ""oi"": 0, ""option_type"": ""PE"", ""strike_price"": 990, ""oich"": 0}, {""ask"": 0, ""bid"": 0, ""oi"": 97000, ""option_type"": ""PE"", ""strike_price"": 890, ""oich"": -4000}, {""ask"": 0, ""bid"": 0, ""oi"": 478000, ""option_type"": ""CE"", ""strike_price"": 900, ""oich"": -212000}, {""ask"": 0, ""bid"": 0, ""oi"": 46000, ""option_type"": ""PE"", ""strike_price"": 950, ""oich"": -2000}, {""ask"": 0, ""bid"": 0, ""oi"": 3000, ""option_type"": ""CE"", ""strike_price"": 700, ""oich"": 0}, {""ask"": 0, ""bid"": 0, ""oi"": 81000, ""option_type"": ""PE"", ""strike_price"": 740, ""oich"": 3000}, {""ask"": 0, ""bid"": 0, ""oi"": 10000, ""option_type"": ""CE"", ""strike_price"": 990, ""oich"": 0}, {""ask"": 0, ""bid"": 0, ""oi"": 2000, ""option_type"": ""PE"", ""strike_price"": 1020, ""oich"": 0}]",4008000,2026-01-23
5743000,,,"[{""ask"": 0, ""bid"": 0, ""oi"": 0, ""option_type"": ""CE"", ""strike_price"": 690, ""oich"": 0}, {""ask"": 0, ""bid"": 0, ""oi"": 89000, ""option_type"": ""CE"", ""strike_price"": 780, ""oich"": 26000}, {""ask"": 0, ""bid"": 0, ""oi"": 130000, ""option_type"": ""PE"", ""strike_price"": 810, ""oich"": -34000}, {""ask"": 0, ""bid"": 0, ""oi"": 152000, ""option_type"": ""CE"", ""strike_price"": 920, ""oich"": -22000}, {""ask"": 0, ""bid"": 0, ""oi"": 9000, ""option_type"": ""PE"", ""strike_price"": 930, ""oich"": 0}, {""ask"": 0, ""bid"": 0, ""oi"": 307000, ""option_type"": ""CE"", ""strike_price"": 1000, ""oich"": -20000}, {""ask"": 0, ""bid"": 0, ""oi"": 27000, ""option_type"": ""PE"", ""strike_price"": 960, ""oich"": 0}, {""ask"": 0, ""bid"": 0, ""oi"": 296000, ""option_type"": ""CE"", ""strike_price"": 950, ""oich"": -52000}, {""ask"": 0, ""bid"": 0, ""oi"": 0, ""option_type"": ""CE"", ""strike_price"": 730, ""oich"": 0}, {""ask"": 0, ""bid"": 0, ""oi"": 414000, ""option_type"": ""CE"", ""strike_price"": 860, ""oich"": 21000}, {""ask"": 0, ""bid"": 0, ""oi"": 0, ""option_type"": ""CE"", ""strike_price"": 660, ""oich"": 0}, {""ask"": 0, ""bid"": 0, ""oi"": 0, ""option_type"": ""CE"", ""strike_price"": 680, ""oich"": 0}, {""ask"": 0, ""bid"": 0, ""oi"": 0, ""option_type"": ""CE"", ""strike_price"": 720, ""oich"": 0}, {""ask"": 0, ""bid"": 0, ""oi"": 271000, ""option_type"": ""CE"", ""strike_price"": 800, ""oich"": -113000}, {""ask"": 0, ""bid"": 0, ""oi"": 0, ""option_type"": ""PE"", ""strike_price"": 990, ""oich"": 0}, {""ask"": 0, ""bid"": 0, ""oi"": 46000, ""option_type"": ""PE"", ""strike_price"": 950, ""oich"": 0}, {""ask"": 0, ""bid"": 0, ""oi"": 412000, ""option_type"": ""CE"", ""strike_price"": 900, ""oich"": -66000}, {""ask"": 0, ""bid"": 0, ""oi"": 96000, ""option_type"": ""PE"", ""strike_price"": 890, ""oich"": -1000}, {""ask"": 0, ""bid"": 0, ""oi"": 383000, ""option_type"": ""PE"", ""strike_price"": 850, ""oich"": -100000}, {""ask"": 0, ""bid"": 0, ""oi"": 315000, ""option_type"": ""PE"", ""strike_price"": 760, ""oich"": -621000}, {""ask"": 0, ""bid"": 0, ""oi"": 126000, ""option_type"": ""PE"", ""strike_price"": 750, ""oich"": -46000}, {""ask"": 0, ""bid"": 0, ""oi"": 0, ""option_type"": ""PE"", ""strike_price"": 710, ""oich"": 0}, {""ask"": 0, ""bid"": 0, ""oi"": 0, ""option_type"": ""PE"", ""strike_price"": 1000, ""oich"": 0}, {""ask"": 0, ""bid"": 0, ""oi"": 0, ""option_type"": ""PE"", ""strike_price"": 640, ""oich"": 0}, {""ask"": 0, ""bid"": 0, ""oi"": 0, ""option_type"": ""PE"", ""strike_price"": 680, ""oich"": 0}, {""ask"": 0, ""bid"": 0, ""oi"": 147000, ""option_type"": ""CE"", ""strike_price"": 910, ""oich"": -4000}, {""ask"": 0, ""bid"": 0, ""oi"": 463000, ""option_type"": ""CE"", ""strike_price"": 840, ""oich"": -41000}, {""ask"": 0, ""bid"": 0, ""oi"": 199000, ""option_type"": ""CE"", ""strike_price"": 820, ""oich"": -58000}, {""ask"": 0, ""bid"": 0, ""oi"": 117000, ""option_type"": ""PE"", ""strike_price"": 800, ""oich"": -92000}, {""ask"": 0, ""bid"": 0, ""oi"": 0, ""option_type"": ""PE"", ""strike_price"": 1040, ""oich"": 0}, {""ask"": 0, ""bid"": 0, ""oi"": 29000, ""option_type"": ""PE"", ""strike_price"": 920, ""oich"": -3000}, {""ask"": 0, ""bid"": 0, ""oi"": 135000, ""option_type"": ""PE"", ""strike_price"": 900, ""oich"": -8000}, {""ask"": 0, ""bid"": 0, ""oi"": 558000, ""option_type"": ""CE"", ""strike_price"": 880, ""oich"": 27000}, {""ask"": 0, ""bid"": 0, ""oi"": 228000, ""option_type"": ""PE"", ""strike_price"": 840, ""oich"": -31000}, {""ask"": 0, ""bid"": 0, ""oi"": 103000, ""option_type"": ""PE"", ""strike_price"": 820, ""oich"": -23000}, {""ask"": 0, ""bid"": 0, ""oi"": 99000, ""option_type"": ""CE"", ""strike_price"": 790, ""oich"": -6000}, {""ask"": 0, ""bid"": 0, ""oi"": 16000, ""option_type"": ""CE"", ""strike_price"": 760, ""oich"": -18000}, {""ask"": 0, ""bid"": 0, ""oi"": 193000, ""option_type"": ""CE"", ""strike_price"": 930, ""oich"": -2000}, {""ask"": 0, ""bid"": 0, ""oi"": 6000, ""option_type"": ""PE"", ""strike_price"": 940, ""oich"": 0}, {""ask"": 0, ""bid"": 0, ""oi"": 196000, ""option_type"": ""CE"", ""strike_price"": 870, ""oich"": -29000}, {""ask"": 0, ""bid"": 0, ""oi"": 0, ""option_type"": ""CE"", ""strike_price"": 640, ""oich"": 0}, {""ask"": 0, ""bid"": 0, ""oi"": 1000, ""option_type"": ""PE"", ""strike_price"": 730, ""oich"": 1000}, {""ask"": 0, ""bid"": 0, ""oi"": 50000, ""option_type"": ""CE"", ""strike_price"": 770, ""oich"": 30000}, {""ask"": 0, ""bid"": 0, ""oi"": 704000, ""option_type"": ""CE"", ""strike_price"": 850, ""oich"": -64000}, {""ask"": 0, ""bid"": 0, ""oi"": 94000, ""option_type"": ""PE"", ""strike_price"": 880, ""oich"": -13000}, {""ask"": 0, ""bid"": 0, ""oi"": 39000, ""option_type"": ""CE"", ""strike_price"": 970, ""oich"": 0}, {""ask"": 0, ""bid"": 0, ""oi"": 142000, ""option_type"": ""CE"", ""strike_price"": 980, ""oich"": 1000}, {""ask"": 0, ""bid"": 0, ""oi"": 58000, ""option_type"": ""CE"", ""strike_price"": 1020, ""oich"": 0}, {""ask"": 0, ""bid"": 0, ""oi"": 2000, ""option_type"": ""PE"", ""strike_price"": 1020, ""oich"": 0}, {""ask"": 0, ""bid"": 0, ""oi"": 10000, ""option_type"": ""CE"", ""strike_price"": 990, ""oich"": 0}, {""ask"": 0, ""bid"": 0, ""oi"": 76000, ""option_type"": ""PE"", ""strike_price"": 740, ""oich"": -5000}, {""ask"": 0, ""bid"": 0, ""oi"": 1000, ""option_type"": ""CE"", ""strike_price"": 700, ""oich"": -2000}, {""ask"": 0, ""bid"": 0, ""oi"": 14000, ""option_type"": ""PE"", ""strike_price"": 910, ""oich"": -2000}, {""ask"": 0, ""bid"": 0, ""oi"": 20000, ""option_type"": ""PE"", ""strike_price"": 970, ""oich"": -3000}, {""ask"": 0, ""bid"": 0, ""oi"": 0, ""option_type"": ""PE"", ""strike_price"": 660, ""oich"": 0}, {""ask"": 0, ""bid"": 0, ""oi"": 0, ""option_type"": ""PE"", ""strike_price"": 690, ""oich"": 0}, {""ask"": 0, ""bid"": 0, ""oi"": 97000, ""option_type"": ""PE"", ""strike_price"": 780, ""oich"": -67000}, {""ask"": 0, ""bid"": 0, ""oi"": 196000, ""option_type"": ""CE"", ""strike_price"": 830, ""oich"": 9000}, {""ask"": 0, ""bid"": 0, ""oi"": 0, ""option_type"": ""CE"", ""strike_price"": 710, ""oich"": 0}, {""ask"": 0, ""bid"": 0, ""oi"": 96000, ""option_type"": ""PE"", ""strike_price"": 860, ""oich"": -46000}, {""ask"": 0, ""bid"": 0, ""oi"": 164000, ""option_type"": ""CE"", ""strike_price"": 890, ""oich"": -17000}, {""ask"": 0, ""bid"": 0, ""oi"": 214000, ""option_type"": ""CE"", ""strike_price"": 960, ""oich"": -4000}, {""ask"": 0, ""bid"": 0, ""oi"": 231000, ""option_type"": ""CE"", ""strike_price"": 810, ""oich"": 13000}, {""ask"": 0, ""bid"": 0, ""oi"": 116000, ""option_type"": ""CE"", ""strike_price"": 940, ""oich"": 0}, {""ask"": 0, ""bid"": 0, ""oi"": 23000, ""option_type"": ""PE"", ""strike_price"": 700, ""oich"": 1000}, {""ask"": 0, ""bid"": 0, ""oi"": 1000, ""option_type"": ""CE"", ""strike_price"": 1040, ""oich"": 0}, {""ask"": 0, ""bid"": 0, ""oi"": 5000, ""option_type"": ""CE"", ""strike_price"": 750, ""oich"": -1000}, {""ask"": 0, ""bid"": 0, ""oi"": 80000, ""option_type"": ""PE"", ""strike_price"": 790, ""oich"": -32000}, {""ask"": 0, ""bid"": 0, ""oi"": 143000, ""option_type"": ""PE"", ""strike_price"": 770, ""oich"": -89000}, {""ask"": 0, ""bid"": 0, ""oi"": 7000, ""option_type"": ""PE"", ""strike_price"": 980, ""oich"": 0}, {""ask"": 0, ""bid"": 0, ""oi"": 0, ""option_type"": ""CE"", ""strike_price"": 740, ""oich"": 0}, {""ask"": 0, ""bid"": 0, ""oi"": 20000, ""option_type"": ""PE"", ""strike_price"": 720, ""oich"": -3000}, {""ask"": 0, ""bid"": 0, ""oi"": 166000, ""option_type"": ""PE"", ""strike_price"": 870, ""oich"": -33000}, {""ask"": 0, ""bid"": 0, ""oi"": 138000, ""option_type"": ""PE"", ""strike_price"": 830, ""oich"": -31000}]",2727000,2026-01-27
